wavelength	B1	B2	B3	B4
350	0.000819305	0.004405257	0.000820996	0.001565224
351	0.000926688	0.003864678	0.000874376	0.001973781
352	0.001034071	0.003324099	0.000927756	0.002382337
353	0.001141455	0.002783521	0.000981136	0.002790893
354	0.001248838	0.002242942	0.001034516	0.00319945
355	0.001356221	0.001702363	0.001087896	0.003608006
356	0.001220252	0.001664496	0.000978075	0.002967036
357	0.001084284	0.001626628	0.000868255	0.002326067
358	0.000948315	0.001588761	0.000758434	0.001685097
359	0.000812347	0.001550893	0.000648614	0.001044128
360	0.000676378	0.001513026	0.000538793	0.000403158
361	0.00078198	0.001590863	0.000576375	0.000684363
362	0.000887581	0.0016687	0.000613957	0.000965568
363	0.000993183	0.001746537	0.000651538	0.001246773
364	0.001098784	0.001824374	0.00068912	0.001527978
365	0.001204386	0.001902211	0.000726702	0.001809182
366	0.001162511	0.001878158	0.000731121	0.001687632
367	0.001120637	0.001854105	0.000735539	0.001566082
368	0.001078762	0.001830051	0.000739958	0.001444532
369	0.001036888	0.001805998	0.000744376	0.001322982
370	0.000995013	0.001781945	0.000748795	0.001201432
371	0.000948512	0.001632646	0.000611196	0.001163947
372	0.000902011	0.001483347	0.000473597	0.001126463
373	0.000855509	0.001334047	0.000335998	0.001088978
374	0.000809008	0.001184748	0.000198399	0.001051493
375	0.000762507	0.001035449	0.0000608	0.001014009
376	0.000748029	0.00112828	0.000147044	0.001090902
377	0.000733551	0.001221112	0.000233287	0.001167796
378	0.000719073	0.001313943	0.000319531	0.001244689
379	0.000704595	0.001406775	0.000405774	0.001321583
380	0.000690117	0.001499606	0.000492018	0.001398476
381	0.000652111	0.001293997	0.000460142	0.00131324
382	0.000614105	0.001088388	0.000428266	0.001228004
383	0.000576099	0.00088278	0.00039639	0.001142768
384	0.000538093	0.000677171	0.000364514	0.001057532
385	0.000500087	0.000471562	0.000332638	0.000972296
386	0.000586385	0.000701844	0.000397596	0.000947438
387	0.000672683	0.000932126	0.000462553	0.000922581
388	0.000758981	0.001162407	0.000527511	0.000897724
389	0.000845279	0.001392689	0.000592468	0.000872866
390	0.000931577	0.001622971	0.000657426	0.000848009
391	0.000832927	0.001410831	0.000649256	0.000808819
392	0.000734277	0.00119869	0.000641086	0.000769629
393	0.000635628	0.00098655	0.000632915	0.000730439
394	0.000536978	0.000774409	0.000624745	0.000691249
395	0.000438328	0.000562269	0.000616575	0.000652059
396	0.000555314	0.000632332	0.000601793	0.000666763
397	0.000672299	0.000702394	0.000587012	0.000681468
398	0.000789285	0.000772457	0.00057223	0.000696173
399	0.00090627	0.000842519	0.000557449	0.000710878
400	0.001023256	0.000912582	0.000542667	0.000725583
401	0.000956021	0.000845326	0.000554305	0.000688718
402	0.000888786	0.000778071	0.000565943	0.000651853
403	0.00082155	0.000710815	0.00057758	0.000614989
404	0.000754315	0.00064356	0.000589218	0.000578124
405	0.00068708	0.000576304	0.000600856	0.00054126
406	0.000688436	0.000616533	0.000524057	0.000519576
407	0.000689792	0.000656761	0.000447258	0.000497893
408	0.000691148	0.00069699	0.000370459	0.000476209
409	0.000692504	0.000737218	0.00029366	0.000454526
410	0.00069386	0.000777447	0.000216861	0.000432842
411	0.00149868	0.000724759	0.000297083	0.000414993
412	0.0023035	0.000672071	0.000377305	0.000397144
413	0.00310832	0.000619383	0.000457526	0.000379295
414	0.00391314	0.000566695	0.000537748	0.000361446
415	0.00471796	0.000514007	0.00061797	0.000343597
416	0.051523652	0.002983307	0.000664659	0.000531012
417	0.098329345	0.005452608	0.000711348	0.000718427
418	0.145135037	0.007921908	0.000758036	0.000905843
419	0.19194073	0.010391209	0.000804725	0.001093258
420	0.238746422	0.012860509	0.000851414	0.001280673
421	0.324517832	0.014646616	0.000881853	0.001293155
422	0.410289241	0.016432724	0.000912291	0.001305638
423	0.496060651	0.018218831	0.00094273	0.00131812
424	0.58183206	0.020004939	0.000973168	0.001330603
425	0.66760347	0.021791046	0.001003607	0.001343085
426	0.674464541	0.021002324	0.000899025	0.001293577
427	0.681325612	0.020213603	0.000794443	0.00124407
428	0.688186682	0.019424881	0.000689861	0.001194562
429	0.695047753	0.01863616	0.000585279	0.001145054
430	0.701908824	0.017847438	0.000480697	0.001095547
431	0.707066819	0.016999029	0.00043734	0.001059629
432	0.712224814	0.016150621	0.000393983	0.001023712
433	0.717382808	0.015302212	0.000350627	0.000987794
434	0.722540803	0.014453804	0.00030727	0.000951876
435	0.727698798	0.013605395	0.000263913	0.000915959
436	0.731953038	0.012786202	0.000255961	0.000909345
437	0.736207279	0.011967009	0.00024801	0.000902731
438	0.740461519	0.011147817	0.000240058	0.000896117
439	0.74471576	0.010328624	0.000232107	0.000889503
440	0.74897	0.009509431	0.000224155	0.000882889
441	0.746714458	0.008931763	0.000227174	0.000929507
442	0.744458916	0.008354096	0.000230194	0.000976126
443	0.742203373	0.007776428	0.000233213	0.001022745
444	0.739947831	0.007198761	0.000236233	0.001069364
445	0.737692289	0.006621093	0.000239252	0.001115983
446	0.735246163	0.006462136	0.000264184	0.001085523
447	0.732800037	0.006303178	0.000289116	0.001055062
448	0.73035391	0.006144221	0.000314047	0.001024602
449	0.727907784	0.005985263	0.000338979	0.000994142
450	0.725461658	0.005826306	0.000363911	0.000963682
451	0.724983189	0.006214865	0.000382421	0.001077778
452	0.72450472	0.006603424	0.000400931	0.001191873
453	0.724026252	0.006991984	0.000419442	0.001305968
454	0.723547783	0.007380543	0.000437952	0.001420064
455	0.723069314	0.007769102	0.000456462	0.001534159
456	0.725093228	0.008307715	0.000518419	0.001566525
457	0.727117142	0.008846328	0.000580376	0.001598891
458	0.729141057	0.00938494	0.000642334	0.001631256
459	0.731164971	0.009923553	0.000704291	0.001663622
460	0.733188885	0.010462166	0.000766248	0.001695988
461	0.737995509	0.011173695	0.000862631	0.001734327
462	0.742802133	0.011885224	0.000959015	0.001772666
463	0.747608757	0.012596752	0.001055398	0.001811005
464	0.752415381	0.013308281	0.001151782	0.001849344
465	0.757222005	0.01401981	0.001248165	0.001887683
466	0.764493574	0.014872516	0.001269198	0.001928988
467	0.771765142	0.015725221	0.001290231	0.001970294
468	0.779036711	0.016577927	0.001311264	0.002011599
469	0.786308279	0.017430632	0.001332297	0.002052904
470	0.793579848	0.018283338	0.00135333	0.00209421
471	0.817473845	0.019062473	0.001356914	0.002048034
472	0.841367842	0.019841608	0.001360498	0.002001858
473	0.865261839	0.020620744	0.001364082	0.001955682
474	0.889155836	0.021399879	0.001367666	0.001909507
475	0.913049833	0.022179014	0.00137125	0.001863331
476	0.921965138	0.022632197	0.001377169	0.001894928
477	0.930880443	0.023085379	0.001383088	0.001926525
478	0.939795749	0.023538562	0.001389008	0.001958122
479	0.948711054	0.023991744	0.001394927	0.001989719
480	0.957626359	0.024444927	0.001400846	0.002021316
481	0.96428184	0.024738547	0.001381484	0.001973472
482	0.970937322	0.025032167	0.001362123	0.001925628
483	0.977592803	0.025325787	0.001342761	0.001877785
484	0.984248285	0.025619407	0.0013234	0.001829941
485	0.990903766	0.025913027	0.001304038	0.001782097
486	0.992723013	0.025945295	0.001308947	0.001743013
487	0.99454226	0.025977563	0.001313856	0.001703928
488	0.996361506	0.02600983	0.001318765	0.001664843
489	0.998180753	0.026042098	0.001323674	0.001625758
490	1	0.026074366	0.001328583	0.001586673
491	0.995971714	0.025732471	0.001325985	0.001578837
492	0.991943427	0.025390575	0.001323388	0.001571001
493	0.987915141	0.02504868	0.00132079	0.001563165
494	0.983886854	0.024706784	0.001318193	0.001555329
495	0.979858568	0.024364889	0.001315595	0.001547494
496	0.876237468	0.021087956	0.001232704	0.001451511
497	0.772616368	0.017811024	0.001149813	0.001355528
498	0.668995268	0.014534091	0.001066922	0.001259546
499	0.565374168	0.011257159	0.000984031	0.001163563
500	0.461753068	0.007980226	0.00090114	0.00106758
501	0.371408115	0.006478669	0.000874857	0.000952588
502	0.281063162	0.004977112	0.000848574	0.000837596
503	0.190718209	0.003475554	0.000822292	0.000722604
504	0.100373256	0.001973997	0.000796009	0.000607612
505	0.010028303	0.00047244	0.000769726	0.000492619
506	0.008449209	0.000637996	0.000865801	0.000691141
507	0.006870114	0.000803552	0.000961876	0.000889663
508	0.00529102	0.000969109	0.001057952	0.001088185
509	0.003711925	0.001134665	0.001154027	0.001286707
510	0.002132831	0.001300221	0.001250102	0.001485229
511	0.002704779	0.008889389	0.002061324	0.001448919
512	0.003276727	0.016478557	0.002872547	0.001412608
513	0.003848675	0.024067726	0.003683769	0.001376298
514	0.004420623	0.031656894	0.004494992	0.001339987
515	0.004992571	0.039246062	0.005306214	0.001303677
516	0.004976004	0.17002782	0.006239314	0.001628622
517	0.004959437	0.300809578	0.007172413	0.001953567
518	0.00494287	0.431591336	0.008105513	0.002278512
519	0.004926303	0.562373094	0.009038612	0.002603457
520	0.004909736	0.693154852	0.009971712	0.002928403
521	0.005006962	0.708338957	0.00955571	0.002832283
522	0.005104187	0.723523062	0.009139709	0.002736163
523	0.005201413	0.738707168	0.008723707	0.002640044
524	0.005298638	0.753891273	0.008307706	0.002543924
525	0.005395864	0.769075378	0.007891704	0.002447804
526	0.005072773	0.779870578	0.007567995	0.002342822
527	0.004749682	0.790665779	0.007244286	0.00223784
528	0.004426592	0.801460979	0.006920578	0.002132857
529	0.004103501	0.81225618	0.006596869	0.002027875
530	0.00378041	0.82305138	0.00627316	0.001922893
531	0.003250754	0.827782166	0.005912266	0.001838602
532	0.002721098	0.832512952	0.005551372	0.001754311
533	0.002191442	0.837243738	0.005190479	0.00167002
534	0.001661786	0.841974524	0.004829585	0.001585729
535	0.00113213	0.84670531	0.004468691	0.001501439
536	0.001118083	0.853971622	0.004332859	0.001513457
537	0.001104036	0.861237933	0.004197026	0.001525476
538	0.00108999	0.868504245	0.004061194	0.001537495
539	0.001075943	0.875770556	0.003925361	0.001549513
540	0.001061896	0.883036868	0.003789529	0.001561532
541	0.001080347	0.886089629	0.003682853	0.001878109
542	0.001098798	0.88914239	0.003576177	0.002194685
543	0.001117248	0.89219515	0.003469502	0.002511261
544	0.001135699	0.895247911	0.003362826	0.002827838
545	0.00115415	0.898300672	0.00325615	0.003144414
546	0.001242117	0.898860527	0.003435069	0.003109486
547	0.001330084	0.899420383	0.003613989	0.003074557
548	0.001418052	0.899980238	0.003792908	0.003039628
549	0.001506019	0.900540094	0.003971828	0.003004699
550	0.001593986	0.901099949	0.004150747	0.00296977
551	0.001625778	0.903376806	0.004407549	0.003012535
552	0.001657569	0.905653664	0.004664351	0.003055299
553	0.001689361	0.907930521	0.004921153	0.003098063
554	0.001721152	0.910207379	0.005177955	0.003140827
555	0.001752944	0.912484236	0.005434757	0.003183591
556	0.002331341	0.912947107	0.005832502	0.003582984
557	0.002909738	0.913409977	0.006230247	0.003982376
558	0.003488136	0.913872848	0.006627993	0.004381769
559	0.004066533	0.914335718	0.007025738	0.004781162
560	0.00464493	0.914798589	0.007423483	0.005180554
561	0.005098874	0.915259145	0.007789975	0.005444792
562	0.005552818	0.9157197	0.008156467	0.005709031
563	0.006006762	0.916180256	0.00852296	0.005973269
564	0.006460706	0.916640811	0.008889452	0.006237507
565	0.00691465	0.917101367	0.009255944	0.006501745
566	0.006072424	0.91937497	0.009840451	0.006582251
567	0.005230198	0.921648573	0.010424958	0.006662757
568	0.004387971	0.923922176	0.011009466	0.006743264
569	0.003545745	0.926195779	0.011593973	0.00682377
570	0.002703519	0.928469382	0.01217848	0.006904276
571	0.002594744	0.931607632	0.012702097	0.006891654
572	0.002485968	0.934745882	0.013225714	0.006879033
573	0.002377193	0.937884131	0.013749332	0.006866411
574	0.002268417	0.941022381	0.014272949	0.006853789
575	0.002159642	0.944160631	0.014796566	0.006841168
576	0.002201678	0.951735389	0.015391382	0.00708515
577	0.002243714	0.959310148	0.015986198	0.007329133
578	0.002285749	0.966884906	0.016581014	0.007573116
579	0.002327785	0.974459665	0.01717583	0.007817098
580	0.002369821	0.982034423	0.017770646	0.008061081
581	0.002639006	0.985627538	0.018287089	0.008250938
582	0.002908191	0.989220654	0.018803532	0.008440795
583	0.003177376	0.992813769	0.019319974	0.008630652
584	0.003446561	0.996406885	0.019836417	0.008820509
585	0.003715746	1	0.02035286	0.009010366
586	0.004013558	0.998674083	0.020404097	0.008974488
587	0.00431137	0.997348166	0.020455334	0.00893861
588	0.004609181	0.996022249	0.02050657	0.008902732
589	0.004906993	0.994696332	0.020557807	0.008866854
590	0.005204805	0.993370415	0.020609044	0.008830976
591	0.004992389	0.98219945	0.019285316	0.008456012
592	0.004779973	0.971028486	0.017961588	0.008081047
593	0.004567557	0.959857521	0.01663786	0.007706083
594	0.004355141	0.948686557	0.015314132	0.007331119
595	0.004142725	0.937515592	0.013990404	0.006956155
596	0.003788362	0.795411932	0.011852792	0.006204905
597	0.003433999	0.653308273	0.00971518	0.005453654
598	0.003079636	0.511204613	0.007577569	0.004702404
599	0.002725273	0.369100954	0.005439957	0.003951153
600	0.00237091	0.226997294	0.003302345	0.003199903
601	0.002090528	0.185166327	0.007748818	0.003437199
602	0.001810146	0.14333536	0.012195291	0.003674496
603	0.001529763	0.101504392	0.016641763	0.003911792
604	0.001249381	0.059673425	0.021088236	0.004149089
605	0.000968999	0.017842458	0.025534709	0.004386386
606	0.001264878	0.015267013	0.153632266	0.012631084
607	0.001560757	0.012691568	0.281729822	0.020875782
608	0.001856636	0.010116123	0.409827379	0.02912048
609	0.002152515	0.007540678	0.537924935	0.037365179
610	0.002448394	0.004965233	0.666022492	0.045609877
611	0.002619476	0.004889707	0.70327729	0.046529289
612	0.002790558	0.004814181	0.740532088	0.047448702
613	0.002961639	0.004738656	0.777786886	0.048368114
614	0.003132721	0.00466313	0.815041684	0.049287527
615	0.003303803	0.004587604	0.852296482	0.05020694
616	0.003815307	0.005109441	0.853417067	0.050914032
617	0.004326811	0.005631277	0.854537652	0.051621125
618	0.004838315	0.006153114	0.855658238	0.052328217
619	0.005349819	0.00667495	0.856778823	0.05303531
620	0.005861323	0.007196787	0.857899408	0.053742403
621	0.005955779	0.006465286	0.852431202	0.052358803
622	0.006050235	0.005733786	0.846962996	0.050975204
623	0.006144692	0.005002285	0.84149479	0.049591604
624	0.006239148	0.004270785	0.836026584	0.048208005
625	0.006333604	0.003539284	0.830558378	0.046824405
626	0.006257712	0.003512507	0.83532777	0.046528133
627	0.00618182	0.00348573	0.840097161	0.04623186
628	0.006105929	0.003458952	0.844866553	0.045935588
629	0.006030037	0.003432175	0.849635944	0.045639315
630	0.005954145	0.003405398	0.854405336	0.045343042
631	0.005349802	0.003215472	0.854311929	0.044853928
632	0.004745458	0.003025545	0.854218521	0.044364814
633	0.004141115	0.002835619	0.854125114	0.043875699
634	0.003536771	0.002645692	0.854031706	0.043386585
635	0.002932428	0.002455766	0.853938299	0.042897471
636	0.00280672	0.002249588	0.852943201	0.042256001
637	0.002681012	0.00204341	0.851948104	0.041614532
638	0.002555304	0.001837232	0.850953006	0.040973063
639	0.002429596	0.001631054	0.849957909	0.040331594
640	0.002303888	0.001424876	0.848962811	0.039690124
641	0.002438466	0.001431637	0.850248911	0.038419158
642	0.002573045	0.001438398	0.851535012	0.037148192
643	0.002707623	0.001445158	0.852821112	0.035877226
644	0.002842202	0.001451919	0.854107213	0.03460626
645	0.00297678	0.00145868	0.855393313	0.033335294
646	0.003313595	0.001925694	0.856658427	0.032332347
647	0.00365041	0.002392708	0.857923542	0.031329401
648	0.003987225	0.002859722	0.859188656	0.030326455
649	0.00432404	0.003326736	0.860453771	0.029323509
650	0.004660855	0.00379375	0.861718885	0.028320563
651	0.005080743	0.00404501	0.863105452	0.027951542
652	0.005500631	0.00429627	0.864492019	0.027582522
653	0.005920518	0.004547531	0.865878587	0.027213501
654	0.006340406	0.004798791	0.867265154	0.02684448
655	0.006760294	0.005050051	0.868651721	0.026475459
656	0.006428476	0.004847458	0.876234722	0.02618167
657	0.006096659	0.004644865	0.883817724	0.02588788
658	0.005764841	0.004442272	0.891400725	0.02559409
659	0.005433024	0.004239679	0.898983727	0.0253003
660	0.005101206	0.004037086	0.906566728	0.02500651
661	0.005076143	0.004066035	0.909941148	0.02370934
662	0.00505108	0.004094985	0.913315569	0.02241217
663	0.005026017	0.004123934	0.916689989	0.021115
664	0.005000954	0.004152884	0.92006441	0.019817829
665	0.004975891	0.004181833	0.92343883	0.018520659
666	0.004522415	0.004022634	0.927440594	0.017992749
667	0.004068939	0.003863435	0.931442359	0.017464839
668	0.003615464	0.003704237	0.935444123	0.016936929
669	0.003161988	0.003545038	0.939445888	0.016409019
670	0.002708512	0.003385839	0.943447652	0.015881109
671	0.002505933	0.003470359	0.949226079	0.015811326
672	0.002303354	0.00355488	0.955004507	0.015741542
673	0.002100776	0.0036394	0.960782934	0.015671758
674	0.001898197	0.003723921	0.966561362	0.015601974
675	0.001695618	0.003808441	0.972339789	0.01553219
676	0.001695295	0.003886489	0.975464889	0.015557463
677	0.001694972	0.003964537	0.978589989	0.015582737
678	0.001694648	0.004042584	0.98171509	0.01560801
679	0.001694325	0.004120632	0.98484019	0.015633283
680	0.001694002	0.00419868	0.98796529	0.015658556
681	0.001699317	0.003910185	0.990372232	0.015481731
682	0.001704632	0.003621691	0.992779174	0.015304906
683	0.001709946	0.003333196	0.995186116	0.015128081
684	0.001715261	0.003044702	0.997593058	0.014951256
685	0.001720576	0.002756207	1	0.014774432
686	0.001602549	0.002623253	0.902111138	0.013347824
687	0.001484522	0.002490299	0.804222276	0.011921215
688	0.001366495	0.002357344	0.706333415	0.010494607
689	0.001248468	0.00222439	0.608444553	0.009067999
690	0.001130441	0.002091436	0.510555691	0.007641391
691	0.001047389	0.002244442	0.417967845	0.006338182
692	0.000964338	0.002397448	0.325379999	0.005034973
693	0.000881286	0.002550455	0.232792154	0.003731764
694	0.000798235	0.002703461	0.140204308	0.002428556
695	0.000715183	0.002856467	0.047616462	0.001125347
696	0.000770058	0.003279694	0.039458787	0.001094896
697	0.000824932	0.003702921	0.031301113	0.001064446
698	0.000879807	0.004126147	0.023143438	0.001033996
699	0.000934681	0.004549374	0.014985764	0.001003546
700	0.000989556	0.004972601	0.006828089	0.000973096
701	0.001188166	0.004746642	0.005936017	0.001572497
702	0.001386776	0.004520683	0.005043946	0.002171898
703	0.001585387	0.004294723	0.004151874	0.002771299
704	0.001783997	0.004068764	0.003259803	0.0033707
705	0.001982607	0.003842805	0.002367731	0.003970101
706	0.001882885	0.003752401	0.002211861	0.004878001
707	0.001783163	0.003661998	0.002055991	0.0057859
708	0.001683442	0.003571594	0.001900121	0.0066938
709	0.00158372	0.003481191	0.001744251	0.0076017
710	0.001483998	0.003390787	0.001588381	0.0085096
711	0.001384316	0.003592861	0.001640703	0.007489514
712	0.001284634	0.003794934	0.001693025	0.006469428
713	0.001184952	0.003997008	0.001745346	0.005449343
714	0.00108527	0.004199081	0.001797668	0.004429257
715	0.000985588	0.004401155	0.00184999	0.003409171
716	0.000979579	0.00465447	0.001940856	0.002933829
717	0.00097357	0.004907785	0.002031721	0.002458487
718	0.000967562	0.005161099	0.002122587	0.001983146
719	0.000961553	0.005414414	0.002213452	0.001507804
720	0.000955544	0.005667729	0.002304318	0.001032462
721	0.000930571	0.005720873	0.00214446	0.000939395
722	0.000905598	0.005774017	0.001984601	0.000846328
723	0.000880625	0.00582716	0.001824743	0.000753261
724	0.000855652	0.005880304	0.001664884	0.000660194
725	0.000830679	0.005933448	0.001505026	0.000567127
726	0.000769587	0.005914314	0.00142439	0.000546082
727	0.000708495	0.00589518	0.001343754	0.000525036
728	0.000647402	0.005876046	0.001263117	0.000503991
729	0.00058631	0.005856912	0.001182481	0.000482946
730	0.000525218	0.005837778	0.001101845	0.0004619
731	0.00048639	0.005795933	0.001129729	0.000473061
732	0.000447563	0.005754088	0.001157613	0.000484222
733	0.000408735	0.005712244	0.001185496	0.000495384
734	0.000369908	0.005670399	0.00121338	0.000506545
735	0.00033108	0.005628554	0.001241264	0.000517706
736	0.000322739	0.005511594	0.00140443	0.00055314
737	0.000314398	0.005394633	0.001567595	0.000588574
738	0.000306057	0.005277673	0.001730761	0.000624008
739	0.000297716	0.005160712	0.001893926	0.000659442
740	0.000289375	0.005043752	0.002057092	0.000694876
741	0.000309599	0.005058138	0.002360826	0.000857333
742	0.000329822	0.005072524	0.002664559	0.001019789
743	0.000350046	0.005086909	0.002968293	0.001182246
744	0.000370269	0.005101295	0.003272026	0.001344703
745	0.000390493	0.005115681	0.00357576	0.00150716
746	0.000524756	0.005325457	0.00389472	0.00246352
747	0.00065902	0.005535234	0.00421368	0.00341988
748	0.000793283	0.00574501	0.004532641	0.00437624
749	0.000927547	0.005954787	0.004851601	0.005332601
750	0.00106181	0.006164563	0.005170561	0.006288961
751	0.001950862	0.006210302	0.005172371	0.014205558
752	0.002839913	0.006256041	0.00517418	0.022122155
753	0.003728965	0.006301779	0.00517599	0.030038752
754	0.004618016	0.006347518	0.005177799	0.037955349
755	0.005507068	0.006393257	0.005179609	0.045871946
756	0.00541004	0.006478267	0.004960628	0.115509331
757	0.005313011	0.006563278	0.004741647	0.185146716
758	0.005215983	0.006648288	0.004522666	0.254784101
759	0.005118954	0.006733299	0.004303685	0.324421486
760	0.005021926	0.006818309	0.004084704	0.394058871
761	0.004826524	0.007501875	0.004055815	0.512985695
762	0.004631122	0.008185442	0.004026925	0.631912519
763	0.00443572	0.008869008	0.003998036	0.750839343
764	0.004240318	0.009552575	0.003969146	0.869766167
765	0.004044916	0.010236141	0.003940257	0.98869299
766	0.003786614	0.010103621	0.004111222	0.986345338
767	0.003528313	0.009971101	0.004282187	0.983997686
768	0.003270011	0.00983858	0.004453153	0.981650034
769	0.00301171	0.00970606	0.004624118	0.979302381
770	0.002753408	0.00957354	0.004795083	0.976954729
771	0.002433116	0.00871292	0.005047808	0.980606618
772	0.002112824	0.0078523	0.005300533	0.984258507
773	0.001792533	0.00699168	0.005553258	0.987910395
774	0.001472241	0.00613106	0.005805983	0.991562284
775	0.001151949	0.00527044	0.006058708	0.995214173
776	0.001042626	0.004993253	0.006049843	0.995193715
777	0.000933304	0.004716066	0.006040978	0.995173258
778	0.000823981	0.004438878	0.006032114	0.995152801
779	0.000714659	0.004161691	0.006023249	0.995132344
780	0.000605336	0.003884504	0.006014384	0.995111887
781	0.000580118	0.003752778	0.005828951	0.995000131
782	0.000554899	0.003621051	0.005643518	0.994888376
783	0.000529681	0.003489325	0.005458085	0.994776621
784	0.000504462	0.003357598	0.005272652	0.994664865
785	0.000479244	0.003225872	0.005087219	0.99455311
786	0.000469793	0.003104126	0.00494717	0.993974344
787	0.000460343	0.00298238	0.004807121	0.993395579
788	0.000450892	0.002860633	0.004667072	0.992816813
789	0.000441442	0.002738887	0.004527023	0.992238047
790	0.000431991	0.002617141	0.004386974	0.991659281
791	0.000436522	0.00253818	0.004384572	0.992895035
792	0.000441053	0.002459219	0.00438217	0.994130789
793	0.000445585	0.002380257	0.004379768	0.995366543
794	0.000450116	0.002301296	0.004377366	0.996602298
795	0.000454647	0.002222335	0.004374964	0.997838052
796	0.000481733	0.002116218	0.004588965	0.997915123
797	0.000508818	0.002010101	0.004802966	0.997992195
798	0.000535904	0.001903983	0.005016966	0.998069267
799	0.000562989	0.001797866	0.005230967	0.998146339
800	0.000590075	0.001691749	0.005444968	0.998223411
801	0.00069034	0.001583264	0.005668233	0.998578729
802	0.000790604	0.001474779	0.005891499	0.998934046
803	0.000890869	0.001366295	0.006114764	0.999289364
804	0.000991133	0.00125781	0.00633803	0.999644682
805	0.001091398	0.001149325	0.006561295	1
806	0.001438543	0.001120808	0.006387087	0.999680282
807	0.001785688	0.001092291	0.006212878	0.999360565
808	0.002132833	0.001063773	0.00603867	0.999040847
809	0.002479978	0.001035256	0.005864461	0.998721129
810	0.002827123	0.001006739	0.005690253	0.998401412
811	0.003652739	0.001012267	0.005578096	0.996536211
812	0.004478356	0.001017795	0.005465938	0.994671011
813	0.005303972	0.001023324	0.005353781	0.99280581
814	0.006129589	0.001028852	0.005241623	0.99094061
815	0.006955205	0.00103438	0.005129466	0.989075409
816	0.007199113	0.001053863	0.005143706	0.983222351
817	0.00744302	0.001073346	0.005157947	0.977369294
818	0.007686928	0.001092828	0.005172187	0.971516236
819	0.007930835	0.001112311	0.005186428	0.965663179
820	0.008174743	0.001131794	0.005200668	0.959810121
821	0.007658917	0.001182793	0.005005735	0.958630934
822	0.007143091	0.001233791	0.004810803	0.957451746
823	0.006627265	0.00128479	0.00461587	0.956272559
824	0.006111439	0.001335788	0.004420938	0.955093372
825	0.005595613	0.001386787	0.004226005	0.953914184
826	0.005336832	0.00148757	0.004018542	0.959504062
827	0.005078051	0.001588353	0.003811079	0.965093939
828	0.004819271	0.001689137	0.003603616	0.970683816
829	0.00456049	0.00178992	0.003396153	0.976273693
830	0.004301709	0.001890703	0.00318869	0.981863571
831	0.004080411	0.002038493	0.003138118	0.982051797
832	0.003859114	0.002186282	0.003087545	0.982240023
833	0.003637816	0.002334072	0.003036973	0.98242825
834	0.003416519	0.002481861	0.0029864	0.982616476
835	0.003195221	0.002629651	0.002935828	0.982804703
836	0.003045391	0.002729421	0.003015994	0.982595059
837	0.002895561	0.002829191	0.003096161	0.982385415
838	0.00274573	0.002928961	0.003176327	0.982175771
839	0.0025959	0.003028731	0.003256494	0.981966127
840	0.00244607	0.003128501	0.00333666	0.981756483
841	0.002419015	0.003194903	0.003358822	0.980497189
842	0.002391959	0.003261305	0.003380985	0.979237895
843	0.002364904	0.003327708	0.003403147	0.977978601
844	0.002337848	0.00339411	0.00342531	0.976719307
845	0.002310793	0.003460512	0.003447472	0.975460013
846	0.002453686	0.003566765	0.003287016	0.974703508
847	0.002596578	0.003673018	0.00312656	0.973947004
848	0.002739471	0.00377927	0.002966103	0.973190499
849	0.002882363	0.003885523	0.002805647	0.972433995
850	0.003025256	0.003991776	0.002645191	0.97167749
851	0.003305635	0.003754231	0.002531642	0.966757572
852	0.003586014	0.003516687	0.002418092	0.961837654
853	0.003866393	0.003279142	0.002304543	0.956917735
854	0.004146772	0.003041598	0.002190993	0.951997817
855	0.004427151	0.002804053	0.002077444	0.947077899
856	0.00442298	0.002449751	0.00205262	0.943489872
857	0.004418808	0.002095449	0.002027795	0.939901845
858	0.004414637	0.001741147	0.002002971	0.936313818
859	0.004410465	0.001386845	0.001978146	0.932725791
860	0.004406294	0.001032543	0.001953322	0.929137765
861	0.004061643	0.000920921	0.001946576	0.92466376
862	0.003716992	0.000809298	0.001939829	0.920189756
863	0.00337234	0.000697676	0.001933083	0.915715751
864	0.003027689	0.000586053	0.001926336	0.911241747
865	0.002683038	0.000474431	0.00191959	0.906767742
866	0.002474674	0.00045063	0.00197912	0.902051745
867	0.00226631	0.000426829	0.002038649	0.897335748
868	0.002057946	0.000403027	0.002098179	0.892619751
869	0.001849582	0.000379226	0.002157708	0.887903755
870	0.001641218	0.000355425	0.002217238	0.883187758
871	0.001590017	0.00034549	0.002376157	0.876934627
872	0.001538817	0.000335556	0.002535075	0.870681497
873	0.001487616	0.000325621	0.002693994	0.864428366
874	0.001436416	0.000315687	0.002852912	0.858175235
875	0.001385215	0.000305752	0.003011831	0.851922105
876	0.001419025	0.000306288	0.003434121	0.846228459
877	0.001452835	0.000306825	0.003856412	0.840534813
878	0.001486645	0.000307361	0.004278702	0.834841167
879	0.001520455	0.000307898	0.004700993	0.829147522
880	0.001554265	0.000308434	0.005123283	0.823453876
881	0.001490052	0.000325696	0.004885791	0.811850214
882	0.001425838	0.000342958	0.004648299	0.800246553
883	0.001361625	0.00036022	0.004410806	0.788642892
884	0.001297411	0.000377482	0.004173314	0.777039231
885	0.001233198	0.000394744	0.003935822	0.765435569
886	0.001104535	0.000486375	0.003602702	0.70782837
887	0.000975873	0.000578005	0.003269583	0.650221171
888	0.00084721	0.000669636	0.002936463	0.592613973
889	0.000718548	0.000761266	0.002603344	0.535006774
890	0.000589885	0.000852897	0.002270224	0.477399575
891	0.000545837	0.001099941	0.00228672	0.40538984
892	0.000501789	0.001346984	0.002303216	0.333380106
893	0.00045774	0.001594028	0.002319713	0.261370371
894	0.000413692	0.001841071	0.002336209	0.189360636
895	0.000369644	0.002088115	0.002352705	0.117350902
896	0.000366015	0.002403023	0.002820398	0.098804846
897	0.000362386	0.002717932	0.003288092	0.08025879
898	0.000358757	0.00303284	0.003755785	0.061712733
899	0.000355128	0.003347749	0.004223479	0.043166677
900	0.000351499	0.003662657	0.004691172	0.024620621
901	0.000388221	0.003293026	0.004392695	0.021097629
902	0.000424943	0.002923394	0.004094218	0.017574637
903	0.000461664	0.002553763	0.00379574	0.014051645
904	0.000498386	0.002184131	0.003497263	0.010528653
905	0.000535108	0.0018145	0.003198786	0.00700566
906	0.000561133	0.001574158	0.002748714	0.006126207
907	0.000587158	0.001333815	0.002298642	0.005246754
908	0.000613183	0.001093473	0.001848569	0.0043673
909	0.000639208	0.00085313	0.001398497	0.003487847
910	0.000665233	0.000612788	0.000948425	0.002608393
911	0.000582072	0.000551519	0.0008644	0.002340195
912	0.000498911	0.000490249	0.000780375	0.002071996
913	0.000415751	0.00042898	0.000696349	0.001803797
914	0.00033259	0.00036771	0.000612324	0.001535599
915	0.000249429	0.000306441	0.000528299	0.0012674
916	0.000228709	0.000285398	0.000500167	0.001170321
917	0.000207989	0.000264355	0.000472035	0.001073243
918	0.00018727	0.000243313	0.000443903	0.000976164
919	0.00016655	0.00022227	0.000415771	0.000879085
920	0.00014583	0.000201227	0.000387639	0.000782006
921	0.000143282	0.000196021	0.000360824	0.000735379
922	0.000140734	0.000190815	0.000334009	0.000688751
923	0.000138185	0.000185608	0.000307194	0.000642123
924	0.000135637	0.000180402	0.000280379	0.000595495
925	0.000133089	0.000175196	0.000253564	0.000548867
926	0.000133484	0.000168416	0.000238938	0.00053426
927	0.000133879	0.000161637	0.000224312	0.000519652
928	0.000134274	0.000154857	0.000209686	0.000505044
929	0.000134669	0.000148078	0.00019506	0.000490437
930	0.000135064	0.000141298	0.000180434	0.000475829
931	0.000150592	0.000137945	0.000175264	0.000471275
932	0.000166121	0.000134593	0.000170093	0.000466721
933	0.000181649	0.00013124	0.000164923	0.000462167
934	0.000197178	0.000127888	0.000159752	0.000457613
935	0.000212706	0.000124535	0.000154582	0.000453059
936	0.000224895	0.000123102	0.000149751	0.000460609
937	0.000237085	0.000121668	0.00014492	0.00046816
938	0.000249274	0.000120235	0.00014009	0.000475711
939	0.000261464	0.000118801	0.000135259	0.000483262
940	0.000273653	0.000117368	0.000130428	0.000490812
941	0.000241231	0.000117418	0.000130351	0.000522388
942	0.00020881	0.000117468	0.000130273	0.000553963
943	0.000176388	0.000117519	0.000130196	0.000585538
944	0.000143967	0.000117569	0.000130118	0.000617114
945	0.000111545	0.000117619	0.000130041	0.000648689
946	0.000105736	0.000117342	0.000127114	0.000740396
947	0.000099927	0.000117066	0.000124188	0.000832103
948	0.000094118	0.000116789	0.000121261	0.00092381
949	0.000088309	0.000116513	0.000118335	0.001015517
950	0.0000825	0.000116236	0.000115408	0.001107224
951	0.00008304	0.000118079	0.000117336	0.001134564
952	0.00008358	0.000119921	0.000119264	0.001161905
953	0.00008412	0.000121764	0.000121193	0.001189245
954	0.00008466	0.000123606	0.000123121	0.001216585
955	0.0000852	0.000125449	0.000125049	0.001243926
956	0.00008492	0.00012656	0.000128242	0.001126484
957	0.00008464	0.00012767	0.000131435	0.001009043
958	0.00008436	0.000128781	0.000134629	0.000891601
959	0.00008408	0.000129891	0.000137822	0.00077416
960	0.0000838	0.000131002	0.000141015	0.000656718
961	0.00008292	0.000143815	0.000145733	0.000600558
962	0.00008204	0.000156628	0.000150451	0.000544397
963	0.00008116	0.00016944	0.000155169	0.000488237
964	0.00008028	0.000182253	0.000159887	0.000432076
965	0.0000794	0.000195066	0.000164605	0.000375916
966	0.0000804	0.00025721	0.000204628	0.00035637
967	0.0000814	0.000319354	0.000244651	0.000336824
968	0.0000824	0.000381499	0.000284675	0.000317278
969	0.0000834	0.000443643	0.000324698	0.000297732
970	0.0000844	0.000505787	0.000364721	0.000278186
971	0.00008446	0.000724109	0.00033671	0.000269248
972	0.00008452	0.000942431	0.0003087	0.000260311
973	0.00008458	0.001160752	0.000280689	0.000251374
974	0.00008464	0.001379074	0.000252679	0.000242437
975	0.0000847	0.001597396	0.000224668	0.0002335
976	0.00008366	0.001440898	0.000208624	0.000228816
977	0.00008262	0.0012844	0.00019258	0.000224133
978	0.00008158	0.001127901	0.000176536	0.00021945
979	0.00008054	0.000971403	0.000160492	0.000214767
980	0.0000795	0.000814905	0.000144448	0.000210084
981	0.00008014	0.000746957	0.000143965	0.000207964
982	0.00008078	0.00067901	0.000143482	0.000205844
983	0.00008142	0.000611062	0.000142999	0.000203724
984	0.00008206	0.000543115	0.000142516	0.000201604
985	0.0000827	0.000475167	0.000142033	0.000199484
986	0.0000836	0.000457311	0.000136947	0.000202803
987	0.0000845	0.000439455	0.000131861	0.000206121
988	0.0000854	0.0004216	0.000126776	0.00020944
989	0.0000863	0.000403744	0.00012169	0.000212759
990	0.0000872	0.000385888	0.000116604	0.000216078
991	0.000089946	0.000378619	0.000117405	0.000215672
992	0.000092692	0.00037135	0.000118205	0.000215266
993	0.000095438	0.000364082	0.000119006	0.00021486
994	0.000098184	0.000356813	0.000119806	0.000214454
995	0.00010093	0.000349544	0.000120607	0.000214049
996	0.000109537	0.000342392	0.000118618	0.000211077
997	0.000118144	0.00033524	0.000116629	0.000208105
998	0.000126751	0.000328088	0.000114641	0.000205133
999	0.000135358	0.000320936	0.000112652	0.000202162
1000 0.000143965 0.000313784 0.000110663 0.00019919
