350       0       0       0       0       0       0       0       0
351       0       0       0       0       0       0       0       0
352       0       0       0       0       0       0       0       0
353       0       0       0       0       0       0       0       0
354       0       0       0       0       0       0       0       0
355       0       0       0       0       0       0       0       0
356       0       0       0       0       0       0       0       0
357       0       0       0       0       0       0       0       0
358       0       0       0       0       0       0       0       0
359       0       0       0       0       0       0       0       0
360       0       0       0       0       0       0       0       0
361       0       0       0       0       0       0       0       0
362       0       0       0       0       0       0       0       0
363       0       0       0       0       0       0       0       0
364       0       0       0       0       0       0       0       0
365       0       0       0       0       0       0       0       0
366       0       0       0       0       0       0       0       0
367       0       0       0       0       0       0       0       0
368       0       0       0       0       0       0       0       0
369       0       0       0       0       0       0       0       0
370       0       0       0       0       0       0       0       0
371       0       0       0       0       0       0       0       0
372       0       0       0       0       0       0       0       0
373       0       0       0       0       0       0       0       0
374       0       0       0       0       0       0       0       0
375       0       0       0       0       0       0       0       0
376       0       0       0       0       0       0       0       0
377       0       0       0       0       0       0       0       0
378       0       0       0       0       0       0       0       0
379       0       0       0       0       0       0       0       0
380       0       0       0       0       0       0       0       0
381       0       0       0       0       0       0       0       0
382       0       0       0       0       0       0       0       0
383       0       0       0       0       0       0       0       0
384       0       0       0       0       0       0       0       0
385       0       0       0       0       0       0       0       0
386       0       0       0       0       0       0       0       0
387       0       0       0       0       0       0       0       0
388       0       0       0       0       0       0       0       0
389       0       0       0       0       0       0       0       0
390       0       0       0       0       0       0       0       0
391 0.002843       0       0       0       0       0       0       0
392 0.002131       0       0       0       0       0       0       0
393 0.00716       0       0       0       0       0       0       0
394 0.01012       0       0       0       0       0       0       0
395 0.02395       0       0       0       0       0       0       0
396 0.03847       0       0       0       0       0       0       0
397 0.06806       0       0       0       0       0       0       0
398  0.1149       0       0       0       0       0       0       0
399  0.1798       0       0       0       0       0       0       0
400  0.2583       0       0       0       0       0       0       0
401  0.3142       0       0       0       0       0       0       0
402  0.3606       0       0       0       0       0       0       0
403  0.4106       0       0       0       0       0       0       0
404  0.4706       0       0       0       0       0       0       0
405  0.5337       0       0       0       0       0       0       0
406  0.6298       0       0       0       0       0       0       0
407  0.7213       0       0       0       0       0       0       0
408  0.7975       0       0       0       0       0       0       0
409  0.8651       0       0       0       0       0       0       0
410  0.9229       0       0       0       0       0       0       0
411  0.9618       0       0       0       0       0       0       0
412  0.9889 0.0002553       0       0       0       0       0       0
413       1 0.000753       0       0       0       0       0       0
414  0.9915 0.0009869       0       0       0       0       0       0
415  0.9725 0.001453       0       0       0       0       0       0
416  0.9855 0.00199       0       0       0       0       0       0
417  0.9814 0.003067       0       0       0       0       0       0
418  0.9322 0.004461       0       0       0       0       0       0
419  0.8179 0.005403       0       0       0       0       0       0
420  0.6633 0.006396       0       0       0       0       0       0
421  0.5115 0.007053       0       0       0       0       0       0
422  0.4015 0.008881       0       0       0       0       0       0
423  0.3284 0.01104       0       0       0       0       0       0
424  0.2862 0.01475       0       0       0       0       0       0
425  0.2636 0.02157       0       0       0       0       0       0
426  0.2331 0.03227       0       0       0       0       0       0
427  0.2047 0.05075       0       0       0       0       0       0
428   0.177  0.0818       0       0       0       0       0       0
429  0.1386  0.1533       0       0       0       0       0       0
430  0.1031  0.2577       0       0       0       0       0       0
431 0.07361  0.3826       0       0       0       0       0       0
432 0.05277  0.4865       0       0       0       0       0       0
433 0.03886  0.5429       0       0       0       0       0       0
434 0.03074  0.5608       0       0       0       0       0       0
435 0.02527  0.5766       0       0       0       0       0       0
436 0.02103  0.6131       0       0       0       0       0       0
437 0.00392   0.656       0       0       0       0       0       0
438 0.003652  0.7009       0       0       0       0       0       0
439 0.003572  0.7417       0       0       0       0       0       0
440 0.00371  0.7763       0       0       0       0       0       0
441 0.003858  0.8156       0       0       0       0       0       0
442 0.004038   0.849       0       0       0       0       0       0
443 0.00432  0.8729       0       0       0       0       0       0
444 0.004462  0.8914       0       0       0       0       0       0
445 0.004226  0.9004       0       0       0       0       0       0
446 0.003472  0.9193       0       0       0       0       0       0
447 0.00296  0.9455       0       0       0       0       0       0
448 0.00245  0.9836       0       0       0       0       0       0
449 0.002004       1       0       0       0       0       0       0
450 0.001765  0.9409 0.0009199       0       0       0       0       0
451 0.001497  0.7851 0.001485       0       0       0       0       0
452 0.001294  0.5695 0.002227       0       0       0       0       0
453 0.001329  0.3765 0.002222       0       0       0       0       0
454 0.001263  0.2458 0.002224       0       0       0       0       0
455 0.001262  0.1645 0.001666       0       0       0       0       0
456  0.0014  0.1185 0.001675       0       0       0       0       0
457 0.00164 0.09077 0.001676       0       0       0       0       0
458 0.001809 0.07395 0.002239       0       0       0       0       0
459 0.002154 0.06351 0.002611       0       0       0       0       0
460 0.002634   0.057 0.003366       0       0       0       0       0
461 0.003288 0.05195 0.004298       0       0       0       0       0
462 0.00346 0.04772 0.00561       0       0       0       0       0
463 0.00343   0.042 0.007114       0       0       0       0       0
464 0.002954 0.03478 0.00825       0       0       0       0       0
465 0.002302 0.02689 0.01012       0       0       0       0       0
466 0.001797 0.02013 0.01211       0       0       0       0       0
467 0.001556 0.01441  0.0142       0       0       0       0       0
468 0.001488 0.01033  0.0172       0       0       0       0       0
469 0.001335 0.007503 0.02183       0       0       0       0       0
470 0.001216 0.005638 0.02883       0       0       0       0       0
471 0.001158 0.004635 0.03812       0       0       0       0       0
472 0.001182 0.003473  0.0503       0       0       0       0       0
473 0.001431 0.003249 0.07035       0       0       0       0       0
474 0.001855 0.003029 0.09836       0       0       0       0       0
475 0.003258 0.002814  0.1578       0       0       0       0       0
476 0.003792 0.00253  0.1817       0       0       0       0       0
477 0.005904 0.002592  0.2358       0       0       0       0       0
478 0.006818 0.002494  0.3061       0       0       0       0       0
479 0.005542 0.003305  0.3964       0       0       0       0       0
480 0.003298 0.003624  0.5106       0       0       0       0       0
481 0.001779 0.004408  0.6468       0       0       0       0       0
482 0.001131 0.005016  0.7771 0.0002166       0       0       0       0
483 0.000713 0.005469  0.8735 0.000823       0       0       0       0
484 0.0005044 0.005769  0.9234 0.0008076       0       0       0       0
485 0.0004124 0.005139  0.9445 0.000793       0       0       0       0
486 0.0003998 0.003851  0.9482 0.0005682       0       0       0       0
487 0.0003652 0.003002  0.9574 0.0009351       0       0       0       0
488 0.0002286 0.002443  0.9658 0.00147       0       0       0       0
489 0.0002728 0.00179  0.9701 0.001246       0       0       0       0
490 0.000242 0.001282  0.9755 0.001919       0       0       0       0
491 0.0001924 0.001154  0.9899 0.001919       0       0       0       0
492 0.0002856 0.0009132  0.9972 0.002748       0       0       0       0
493 0.0003066 0.0009039  0.9999 0.003076       0       0       0       0
494 0.0002322 0.0008948  0.9909 0.003877       0       0       0       0
495 0.0002308 0.001109  0.9806 0.004667       0       0       0       0
496 0.0002564 0.001223   0.977 0.00603       0       0       0       0
497 0.0003036 0.001677  0.9532 0.008269       0       0       0       0
498 0.0003034 0.002136  0.9031 0.01084       0       0       0       0
499 0.0005178 0.003162  0.8155 0.01515       0       0       0       0
500 0.0006618 0.005107  0.6959 0.02136       0       0       0       0
501 0.001039 0.007315  0.5401 0.02955       0       0       0       0
502 0.001468 0.008775  0.3975 0.04126       0       0       0       0
503 0.001788 0.008161  0.2845 0.05836       0       0       0       0
504 0.001794 0.005705  0.2044 0.08379       0       0       0       0
505 0.001418 0.00325  0.1488  0.1225       0       0       0       0
506 0.0009654 0.00197  0.1087  0.1805       0       0       0       0
507 0.000697 0.0005745 0.08119  0.2659       0       0       0       0
508 0.0005612 0.0004647 0.06144  0.3893       0       0       0       0
509 0.0004522 0.0004521  0.0477  0.5395       0       0       0       0
510 0.0003482 0.0003084 0.03697  0.7098       0       0       0       0
511 0.0003082 0.0002614 0.02968  0.8642       0       0       0       0
512 0.0001965 0.0003878 0.02381  0.9647       0       0       0       0
513 0.0002308 0.0002991 0.01932       1       0       0       0       0
514 0.0002278 0.0002536  0.0154  0.9883       0       0       0       0
515 0.0002604 0.0002923 0.01241  0.9522       0       0       0       0
516 0.0002274 0.0002527  0.0101  0.9218       0       0       0       0
517 0.0001756 0.0001696 0.008432  0.8976       0       0       0       0
518 0.0002108 0.0002126 0.006743  0.8724       0       0       0       0
519 0.0001782 0.0002567 0.005425  0.8411       0       0       0       0
520 0.0003036 0.0002582 0.004482  0.8068       0       0       0       0
521 0.0002198 0.0002647 0.003796  0.7879       0       0       0       0
522 0.0002816 0.0002265 0.003177  0.7749       0       0       0       0
523 0.000308 0.0002786 0.002839  0.7746       0       0       0       0
524 0.0002772 0.000239  0.0027  0.7743       0       0       0       0
525 0.0003658 0.0002939 0.002664  0.7719       0       0       0       0
526 0.000345 0.0003407 0.002311  0.7235       0       0       0       0
527 0.000341 0.0003368 0.002185  0.6488 5.25e-005       0       0       0
528 0.0002782 0.0004304 0.002057  0.5399 5.21e-005       0       0       0
529 0.0002768 0.0005685 0.002472  0.4217 0.0004176       0       0       0
530 0.0002546 0.0007525 0.002243  0.3115 0.0004144       0       0       0
531 0.0002158 0.000984 0.002125  0.2256 0.0004127       0       0       0
532 0.0002144 0.0009335 0.002013  0.1651 0.0004111       0       0       0
533 0.0001931 0.0008365 0.00179  0.1225 0.0007161       0       0       0
534 0.0001923 0.000555 0.001574 0.09255 0.0009178       0       0       0
535 0.0001531 0.0004153 0.00115 0.07202 0.0009116       0       0       0
536 0.0001709 0.0003187 0.001132 0.05697 0.001201       0       0       0
537 0.0001678 0.0001793 0.001017 0.04612 0.00158       0       0       0
538 0.0002586 0.0001332 0.001004 0.03834 0.002046       0       0       0
539 0.0002534 0.0001745 0.0007917 0.03193 0.002403       0       0       0
540 0.0001436 0.0001294 0.0006816 0.02727 0.003035       0       0       0
541 0.0001953 0.0001707 0.0006753  0.0233 0.003855       0       0       0
542 0.000175 0.0001273 0.0008615 0.01979 0.004935       0       0       0
543 0.0001918 0.0001259 0.0004767 0.01684 0.006094       0       0       0
544 0.0001732 8.33e-005 0.0005655 0.01446 0.007596       0       0       0
545 0.0002396 4.101e-005 0.0006535 0.01186 0.009707       0       0       0
546 0.0001879 0.0001647 0.000796 0.009763 0.01288       0       0       0
547 0.0001886 0.0001232 0.00117 0.00841 0.01716       0       0       0
548 0.0002736 0.0001244 0.00145 0.00717 0.02262       0       0       0
549 0.0002406 0.0001235 0.001731 0.005814 0.03081       0       0       0
550 0.0003264 0.0001239 0.001684 0.005071 0.04291       0       0       0
551 0.0002418 0.000166 0.001556 0.004249 0.06141       0       0       0
552 0.0003486 0.0001681 0.001238 0.003784 0.08934       0       0       0
553 0.0004232 0.000254 0.000865 0.003429  0.1302       0       0       0
554 0.0004098 0.0003427 0.00063 0.002958  0.1914       0       0       0
555 0.0005388 0.0003888 0.0004891 0.002466  0.2779       0       0       0
556 0.0005174 0.0003865 0.0003901 0.002455  0.3888       0       0       0
557 0.0006752 0.000598 0.0002895 0.001922  0.5112       0       0       0
558 0.0008484 0.000722 0.000338 0.002046  0.6317       0       0       0
559 0.001054 0.000803 0.0001917 0.001649  0.7373       0       0       0
560 0.001381 0.000883 0.0001895 0.001518  0.8182       0       0       0
561 0.001792 0.000845 0.0001427 0.000763  0.8795       0       0       0
562 0.00219 0.0008075 0.0001926 0.000767  0.9202       0       0       0
563 0.002576 0.000683 0.000145 0.0007045  0.9506       0       0       0
564 0.002698 0.000601       0 0.000775  0.9723       0       0       0
565 0.002604 0.0004748       0 0.000779  0.9885       0       0       0
566 0.002274 0.000473       0 0.00071  0.9976       0       0       0
567 0.001983 0.0003864       0 0.0007745  0.9985       0       0       0
568 0.00169 0.0003421       0 0.0007725  0.9971       0       0       0
569 0.001525 0.0003411       0 0.00077  0.9975       0       0       0
570 0.001345 0.0002557       0 0.0008355  0.9955       0       0       0
571 0.00126 0.0003414       0 0.0007705   0.995       0       0       0
572 0.001141 0.0003427       0 0.00084   0.984       0       0       0
573 0.001128 0.0002577       0 0.000974  0.9569       0       0       0
574 0.001059 0.0003026       0 0.001039  0.9086       0       0       0
575 0.001099 0.0003036       0 0.001043  0.8305       0       0       0
576 0.001102 0.0002604       0 0.001108  0.7362       0       0       0
577 0.001087 0.0003055       0 0.001242  0.6237       0       0       0
578 0.001091 0.0003497       0 0.001316  0.5125       0       0       0
579 0.001168 0.0003505       0 0.001515  0.4014       0       0       0
580 0.001189 0.0003074       0 0.00145  0.3054       0       0       0
581 0.00123 0.0003085       0 0.001594    0.23       0       0       0
582 0.001272 0.0003545       0  0.0016  0.1705       0       0       0
583 0.001333 0.0003558       0 0.00167  0.1232       0       0       0
584 0.001283 0.0003123       0 0.001613 0.08673       0       0       0
585 0.001231 0.0003143       0 0.001554 0.05897       0       0       0
586 0.001088 0.0004063       0 0.001358  0.0391       0       0       0
587 0.0009636 0.0002722       0 0.001092 0.02536       0       0       0
588 0.0008182 0.0002281       0 0.0009615 0.01628       0       0       0
589 0.0007076 0.0001837       0 0.0006975 0.01052       0       0       0
590 0.0006172 0.0001391       0 0.0005565 0.00651       0       0       0
591 0.000504 0.0001392       0 0.0004187 0.004406       0       0       0
592 0.0004882 0.0001875       0 0.0002822 0.00279       0       0       0
593 0.0004122       0       0 0.0001486 0.002082       0       0       0
594 0.0003762       0       0 0.0001497 0.001257       0       0       0
595 0.000397       0       0 0.0001507 0.0009495       0       0       0
596 0.000401       0       0       0 0.0005294       0       0       0
597 0.0002826       0       0       0 0.0004268       0       0       0
598 0.0003036       0       0       0       0       0       0       0
599 0.000266       0       0       0       0       0       0       0
600 0.0002676       0       0       0       0       0       0       0
601 0.0002062       0       0       0       0       0       0       0
602 0.0001879       0       0       0       0       0       0       0
603 0.0001052       0       0       0       0       0       0       0
604       0       0       0       0       0       0       0       0
605       0       0       0       0       0       0       0       0
606       0       0       0       0       0       0       0       0
607       0       0       0       0       0       0       0       0
608       0       0       0       0       0       0       0       0
609       0       0       0       0       0       0       0       0
610       0       0       0       0       0       0       0       0
611       0       0       0       0       0       0       0       0
612       0       0       0       0       0       0       0       0
613       0       0       0       0       0       0       0       0
614       0       0       0       0       0       0       0       0
615       0       0       0       0       0       0       0       0
616       0       0       0       0       0       0       0       0
617       0       0       0       0       0       0       0       0
618       0       0       0       0       0       0       0       0
619       0       0       0       0       0       0       0       0
620       0       0       0       0       0       0       0       0
621       0       0       0       0       0       0       0       0
622       0       0       0       0       0       0       0       0
623       0       0       0       0       0 0.0002103       0       0
624       0       0       0       0       0 0.0005311       0       0
625       0       0       0       0       0 0.0004331       0       0
626       0       0       0       0       0 0.0004783       0       0
627       0       0       0       0       0 0.0003399       0       0
628       0       0       0       0       0 0.0004429       0       0
629       0       0       0       0       0 0.0004784       0       0
630       0       0       0       0       0 0.0005652       0       0
631       0       0       0       0       0 0.0005699       0       0
632       0       0       0       0       0 0.0006295       0       0
633       0       0       0       0       0 0.0006345       0       0
634       0       0       0       0       0 0.0007976       0       0
635       0       0       0       0       0 0.000804       0       0
636       0       0       0       0       0 0.0009874       0       0
637       0       0       0       0       0 0.001131       0       0
638       0       0       0       0       0 0.001332       0       0
639       0       0       0       0       0 0.001669       0       0
640       0       0       0       0       0 0.002082       0       0
641       0       0       0       0       0 0.002417       0       0
642       0       0       0       0       0 0.002765       0       0
643       0       0       0       0       0 0.003379       0       0
644       0       0       0       0       0 0.004063       0       0
645       0       0       0       0       0 0.00497       0       0
646       0       0       0       0       0 0.005954       0       0
647       0       0       0       0       0 0.007494       0       0
648       0       0       0       0       0 0.009196       0       0
649       0       0       0       0       0 0.01162       0       0
650       0       0       0       0       0 0.01521       0       0
651       0       0       0       0       0 0.02012       0       0
652       0       0       0       0       0 0.02666       0       0
653       0       0       0       0       0 0.03809       0       0
654       0       0       0       0       0 0.05513       0       0
655       0       0       0       0       0   0.082       0       0
656       0       0       0       0       0  0.1235       0       0
657       0       0       0       0       0  0.1869       0       0
658       0       0       0       0       0  0.2831       0       0
659       0       0       0       0       0  0.4158       0       0
660       0       0       0       0       0  0.5707       0       0
661       0       0       0       0       0  0.7236       0       0
662       0       0       0       0       0  0.8473       0       0
663       0       0       0       0       0  0.9227       0       0
664       0       0       0       0       0  0.9559       0       0
665       0       0       0       0       0   0.965       0       0
666       0       0       0       0       0  0.9698       0       0
667       0       0       0       0       0  0.9771       0       0
668       0       0       0       0       0  0.9809 0.0003654       0
669       0       0       0       0       0  0.9846 0.0003697       0
670       0       0       0       0       0  0.9993 0.000814       0
671       0       0       0       0       0   0.993 0.0008152       0
672       0       0       0       0       0  0.9837 0.0008164       0
673       0       0       0       0       0  0.9736 0.001004       0
674       0       0       0       0       0  0.9536 0.001195       0
675       0       0       0       0       0  0.9239 0.001417       0
676       0       0       0       0       0  0.9091 0.001457       0
677       0       0       0       0       0  0.8834 0.001495       0
678       0       0       0       0       0  0.8419 0.001535       0
679       0       0       0       0       0  0.7811 0.001823       0
680       0       0       0       0       0  0.6994 0.001874       0
681       0       0       0       0       0  0.5821 0.001884       0
682       0       0       0       0       0   0.459 0.001383       0
683       0       0       0       0       0   0.347 0.001904       0
684       0       0       0       0       0  0.2531 0.001915       0
685       0       0       0       0       0  0.1795 0.001925       0
686       0       0       0       0       0  0.1273 0.001418       0
687       0       0       0       0       0 0.09055 0.001962       0
688       0       0       0       0       0 0.06516 0.001981       0
689       0       0       0       0       0 0.04791   0.002       0
690       0       0       0       0       0 0.03585 0.002019       0
691       0       0       0       0       0 0.02728 0.002271       0
692       0       0       0       0       0 0.02127 0.002524       0
693       0       0       0       0       0 0.01688 0.002305       0
694       0       0       0       0       0 0.01411 0.003129       0
695       0       0       0       0       0  0.0117 0.003155       0
696       0       0       0       0       0 0.01001 0.003675       0
697       0       0       0       0       0 0.00861 0.003713       0
698       0       0       0       0       0 0.007615 0.003751       0
699       0       0       0       0       0 0.006812 0.004885       0
700       0       0       0       0       0 0.00633 0.004936       0
701       0       0       0       0       0 0.005722 0.006107       0
702       0       0       0       0       0 0.005685 0.006174       0
703       0       0       0       0       0 0.005166 0.007074       0
704       0       0       0       0       0 0.00498 0.007997       0
705       0       0       0       0       0 0.00481 0.009254       0
706       0       0       0       0       0 0.004124  0.0105       0
707       0       0       0       0       0 0.003926 0.01176       0
708       0       0       0       0       0 0.003588 0.01359       0
709       0       0       0       0       0 0.003247 0.01577       0
710       0       0       0       0       0 0.00291 0.01799       0
711       0       0       0       0       0 0.002651 0.02086       0
712       0       0       0       0       0 0.002522  0.0243       0
713       0       0       0       0       0 0.002279  0.0283       0
714       0       0       0       0       0 0.002142 0.03313       0
715       0       0       0       0       0 0.002007 0.03909       0
716       0       0       0       0       0 0.002098 0.04569       0
717       0       0       0       0       0 0.001606 0.05377       0
718       0       0       0       0       0  0.0017 0.06382       0
719       0       0       0       0       0 0.001452 0.07667       0
720       0       0       0       0       0 0.001422 0.09156       0
721       0       0       0       0       0 0.001531  0.1104       0
722       0       0       0       0       0 0.001421  0.1334       0
723       0       0       0       0       0 0.00152    0.16       0
724       0       0       0       0       0 0.001628   0.192       0
725       0       0       0       0       0 0.001622  0.2278       0
726       0       0       0       0       0  0.0015  0.2672       0
727       0       0       0       0       0 0.001491  0.3096       0
728       0       0       0       0       0 0.001806  0.3581       0
729       0       0       0       0       0 0.0005309  0.4073       0
730       0       0       0       0       0 0.0006457  0.4634       0
731       0       0       0       0       0 0.0006493  0.5217       0
732       0       0       0       0       0 0.0007722    0.58       0
733       0       0       0       0       0 0.0009276  0.6343       0
734       0       0       0       0       0 0.001022  0.6881       0
735       0       0       0       0       0 0.001117   0.736       0
736       0       0       0       0       0 0.00124  0.7782       0
737       0       0       0       0       0 0.00133  0.8118       0
738       0       0       0       0       0 0.001331  0.8409       0
739       0       0       0       0       0 0.001269  0.8644       0
740       0       0       0       0       0 0.001301   0.882       0
741       0       0       0       0       0 0.001218  0.9011       0
742       0       0       0       0       0 0.001102  0.9204       0
743       0       0       0       0       0 0.000952   0.935       0
744       0       0       0       0       0 0.0008949  0.9478       0
745       0       0       0       0       0 0.0008075   0.962       0
746       0       0       0       0       0 0.0006241  0.9725       0
747       0       0       0       0       0 0.0006611  0.9801       0
748       0       0       0       0       0 0.0006376  0.9859       0
749       0       0       0       0       0 0.0005748  0.9935       0
750       0       0       0       0       0 0.0005113  0.9981       0
751       0       0       0       0       0 0.0005107  0.9907       0
752       0       0       0       0       0 0.0005102  0.9854       0
753       0       0       0       0       0 0.0004738   0.975       0
754       0       0       0       0       0 0.0005037  0.9663       0
755       0       0       0       0       0 0.0005278  0.9585       0
756       0       0       0       0       0 0.0006314  0.9654       0
757       0       0       0       0       0 0.0007644  0.9755       0
758       0       0       0       0       0 0.0009671   0.983       0
759       0       0       0       0       0 0.001399  0.9793       0
760       0       0       0       0       0 0.002265  0.9806       0
761       0       0       0       0       0 0.004001  0.9929       0
762       0       0       0       0       0 0.006342  0.9897       0
763       0       0       0       0       0 0.008224  0.9693       0
764       0       0       0       0       0 0.008072  0.9431       0
765       0       0       0       0       0 0.005818  0.9103       0
766       0       0       0       0       0 0.003189   0.857       0
767       0       0       0       0       0 0.001724  0.7904       0
768       0       0       0       0       0 0.001023  0.7098       0
769       0       0       0       0       0 0.0007213  0.6224       0
770       0       0       0       0       0 0.0005527  0.5393       0
771       0       0       0       0       0 0.0004544  0.4621       0
772       0       0       0       0       0 0.0003539  0.3887       0
773       0       0       0       0       0 0.0003231  0.3238       0
774       0       0       0       0       0 0.0003268   0.269       0
775       0       0       0       0       0 0.0002951   0.224       0
776       0       0       0       0       0 0.0002224  0.1859       0
777       0       0       0       0       0 0.0002593  0.1546       0
778       0       0       0       0       0 0.000189  0.1286       0
779       0       0       0       0       0 0.00019  0.1083       0
780       0       0       0       0       0 0.0001911 0.09243       0
781       0       0       0       0       0 0.000113 0.07933       0
782       0       0       0       0       0 0.0001543  0.0681       0
783       0       0       0       0       0 0.0001151 0.06012       0
784       0       0       0       0       0 0.0001571 0.05198       0
785       0       0       0       0       0 0.0001172 0.04619       0
786       0       0       0       0       0 0.0001601 0.04066       0
787       0       0       0       0       0 0.0001196 0.03677       0
788       0       0       0       0       0 7.82e-005 0.03281       0
789       0       0       0       0       0 0.0001221 0.03023       0
790       0       0       0       0       0 0.0001234 0.02724       0
791       0       0       0       0       0 0.0001244 0.02415       0
792       0       0       0       0       0 0.0001255 0.02245       0
793       0       0       0       0       0 8.557e-005 0.02112       0
794       0       0       0       0       0 8.63e-005 0.01907       0
795       0       0       0       0       0 0.0001287 0.01769 0.0006727
796       0       0       0       0       0 8.408e-005 0.01629 0.0003527
797       0       0       0       0       0 0.000131 0.01486 0.0007139
798       0       0       0       0       0 0.0001788  0.0142 0.0007202
799       0       0       0       0       0 4.315e-005 0.01353 0.001398
800       0       0       0       0       0 0.0001821 0.01204 0.001073
801       0       0       0       0       0 8.784e-005 0.01139 0.001423
802       0       0       0       0       0 0.0001851  0.0106 0.001434
803       0       0       0       0       0 0.0001866 0.009925 0.001792
804       0       0       0       0       0 0.0001391 0.009107 0.001458
805       0       0       0       0       0 0.0001403 0.008411 0.002209
806       0       0       0       0       0 9.17e-005 0.008031 0.00187
807       0       0       0       0       0 5.043e-005 0.007258 0.002249
808       0       0       0       0       0 0.0001445 0.006928 0.003029
809       0       0       0       0       0 0.0001973 0.006998 0.003425
810       0       0       0       0       0 0.0002512 0.006592 0.003892
811       0       0       0       0       0 0.0003094 0.005408 0.003971
812       0       0       0       0       0 0.0003654 0.00552 0.004827
813       0       0       0       0       0 0.0003181 0.005637 0.005748
814       0       0       0       0       0 0.000273 0.005236 0.005907
815       0       0       0       0       0 0.0001636 0.003924 0.007275
816       0       0       0       0       0 0.0002218 0.003933 0.008186
817       0       0       0       0       0 0.0002224 0.003944 0.009449
818       0       0       0       0       0 0.0001697 0.003954 0.01079
819       0       0       0       0       0 0.0001653 0.003433 0.01255
820       0       0       0       0       0 0.0001657 0.003435 0.01261
821       0       0       0       0       0 0.0001138 0.002945 0.01503
822       0       0       0       0       0 0.0001709 0.002991 0.01792
823       0       0       0       0       0 0.0001124 0.002557  0.0205
824       0       0       0       0       0       0 0.002598 0.02401
825       0       0       0       0       0       0 0.002641 0.02722
826       0       0       0       0       0       0 0.001649 0.03281
827       0       0       0       0       0       0 0.002143 0.03744
828       0       0       0       0       0       0 0.00214 0.04347
829       0       0       0       0       0       0 0.002136 0.05038
830       0       0       0       0       0       0 0.002133 0.06008
831       0       0       0       0       0       0 0.00217 0.07158
832       0       0       0       0       0       0 0.00221 0.08636
833       0       0       0       0       0       0 0.00225  0.1037
834       0       0       0       0       0       0 0.001669  0.1266
835       0       0       0       0       0       0 0.001708  0.1551
836       0       0       0       0       0       0 0.00232  0.1839
837       0       0       0       0       0       0 0.001686   0.221
838       0       0       0       0       0       0 0.002289  0.2626
839       0       0       0       0       0       0 0.002275  0.3116
840       0       0       0       0       0       0 0.0005234   0.368
841       0       0       0       0       0       0 0.0008365  0.4398
842       0       0       0       0       0       0 0.001169  0.5177
843       0       0       0       0       0       0 0.0008695  0.6015
844       0       0       0       0       0       0 0.00121  0.6897
845       0       0       0       0       0       0 0.001231  0.7728
846       0       0       0       0       0       0 0.0009405  0.8341
847       0       0       0       0       0       0 0.0008865  0.8822
848       0       0       0       0       0       0 0.0005565  0.9157
849       0       0       0       0       0       0 0.0008805  0.9417
850       0       0       0       0       0       0 0.0002773  0.9533
851       0       0       0       0       0       0 0.000871  0.9596
852       0       0       0       0       0       0 0.000863  0.9613
853       0       0       0       0       0       0 0.0008585  0.9589
854       0       0       0       0       0       0 0.001172  0.9526
855       0       0       0       0       0       0 0.001167  0.9463
856       0       0       0       0       0       0 0.001172  0.9512
857       0       0       0       0       0       0 0.0008605  0.9546
858       0       0       0       0       0       0 0.001181  0.9618
859       0       0       0       0       0       0 0.001186  0.9705
860       0       0       0       0       0       0 0.0008675  0.9763
861       0       0       0       0       0       0 0.001185   0.978
862       0       0       0       0       0       0 0.000859  0.9833
863       0       0       0       0       0       0 0.001174  0.9867
864       0       0       0       0       0       0 0.001167  0.9944
865       0       0       0       0       0       0 0.001162  0.9988
866       0       0       0       0       0       0 0.001149  0.9979
867       0       0       0       0       0       0 0.001137  0.9971
868       0       0       0       0       0       0 0.001381  0.9937
869       0       0       0       0       0       0 0.001367  0.9907
870       0       0       0       0       0       0 0.001353  0.9866
871       0       0       0       0       0       0 0.001585  0.9732
872       0       0       0       0       0       0 0.001563  0.9586
873       0       0       0       0       0       0 0.001541  0.9396
874       0       0       0       0       0       0 0.002082  0.9147
875       0       0       0       0       0       0 0.001775  0.8844
876       0       0       0       0       0       0 0.001763  0.8513
877       0       0       0       0       0       0 0.002026  0.8141
878       0       0       0       0       0       0 0.002013  0.7701
879       0       0       0       0       0       0   0.002  0.7175
880       0       0       0       0       0       0 0.001987  0.6607
881       0       0       0       0       0       0 0.00219  0.5943
882       0       0       0       0       0       0 0.001941  0.5295
883       0       0       0       0       0       0 0.00236  0.4628
884       0       0       0       0       0       0 0.002592  0.3998
885       0       0       0       0       0       0 0.002308  0.3425
886       0       0       0       0       0       0 0.002768  0.2869
887       0       0       0       0       0       0 0.002722  0.2402
888       0       0       0       0       0       0 0.002678  0.1989
889       0       0       0       0       0       0 0.002636  0.1636
890       0       0       0       0       0       0 0.002595  0.1358
891       0       0       0       0       0       0 0.002586  0.1139
892       0       0       0       0       0       0 0.002773 0.09441
893       0       0       0       0       0       0 0.002962 0.07955
894       0       0       0       0       0       0 0.002953 0.06589
895       0       0       0       0       0       0 0.003172 0.05493
896       0       0       0       0       0       0 0.003112 0.04478
897       0       0       0       0       0       0 0.003053 0.03712
898       0       0       0       0       0       0 0.002997 0.03012
899       0       0       0       0       0       0 0.002731 0.02408
900       0       0       0       0       0       0 0.002683 0.01926
901       0       0       0       0       0       0 0.002668 0.01613
902       0       0       0       0       0       0 0.002652 0.01271
903       0       0       0       0       0       0 0.002286 0.01061
904       0       0       0       0       0       0 0.001864 0.007608
905       0       0       0       0       0       0 0.002056 0.005906
906       0       0       0       0       0       0 0.001806 0.004468
907       0       0       0       0       0       0 0.001431 0.003103
908       0       0       0       0       0       0 0.001396 0.003027
909       0       0       0       0       0       0 0.0009945 0.001787
910       0       0       0       0       0       0 0.000996 0.001164
911       0       0       0       0       0       0 0.0009695 0.001162
912       0       0       0       0       0       0 0.0006635 0.0003024
913       0       0       0       0       0       0 0.0006625 0.0002792
914       0       0       0       0       0       0 0.0006615 0.0002788
915       0       0       0       0       0       0 0.000481       0
916       0       0       0       0       0       0 0.0004768       0
917       0       0       0       0       0       0 0.0003223       0
918       0       0       0       0       0       0 0.0006435       0
919       0       0       0       0       0       0       0       0
920       0       0       0       0       0       0       0       0
921       0       0       0       0       0       0       0       0
922       0       0       0       0       0       0       0       0
923       0       0       0       0       0       0       0       0
924       0       0       0       0       0       0       0       0
925       0       0       0       0       0       0       0       0
926       0       0       0       0       0       0       0       0
927       0       0       0       0       0       0       0       0
928       0       0       0       0       0       0       0       0
929       0       0       0       0       0       0       0       0
930       0       0       0       0       0       0       0       0
931       0       0       0       0       0       0       0       0
932       0       0       0       0       0       0       0       0
933       0       0       0       0       0       0       0       0
934       0       0       0       0       0       0       0       0
935       0       0       0       0       0       0       0       0
936       0       0       0       0       0       0       0       0
937       0       0       0       0       0       0       0       0
938       0       0       0       0       0       0       0       0
939       0       0       0       0       0       0       0       0
940       0       0       0       0       0       0       0       0
941       0       0       0       0       0       0       0       0
942       0       0       0       0       0       0       0       0
943       0       0       0       0       0       0       0       0
944       0       0       0       0       0       0       0       0
945       0       0       0       0       0       0       0       0
946       0       0       0       0       0       0       0       0
947       0       0       0       0       0       0       0       0
948       0       0       0       0       0       0       0       0
949       0       0       0       0       0       0       0       0
950       0       0       0       0       0       0       0       0
951       0       0       0       0       0       0       0       0
952       0       0       0       0       0       0       0       0
953       0       0       0       0       0       0       0       0
954       0       0       0       0       0       0       0       0
955       0       0       0       0       0       0       0       0
956       0       0       0       0       0       0       0       0
957       0       0       0       0       0       0       0       0
958       0       0       0       0       0       0       0       0
959       0       0       0       0       0       0       0       0
960       0       0       0       0       0       0       0       0
961       0       0       0       0       0       0       0       0
962       0       0       0       0       0       0       0       0
963       0       0       0       0       0       0       0       0
964       0       0       0       0       0       0       0       0
965       0       0       0       0       0       0       0       0
966       0       0       0       0       0       0       0       0
967       0       0       0       0       0       0       0       0
968       0       0       0       0       0       0       0       0
969       0       0       0       0       0       0       0       0
970       0       0       0       0       0       0       0       0
971       0       0       0       0       0       0       0       0
972       0       0       0       0       0       0       0       0
973       0       0       0       0       0       0       0       0
974       0       0       0       0       0       0       0       0
975       0       0       0       0       0       0       0       0
976       0       0       0       0       0       0       0       0
977       0       0       0       0       0       0       0       0
978       0       0       0       0       0       0       0       0
979       0       0       0       0       0       0       0       0
980       0       0       0       0       0       0       0       0
981       0       0       0       0       0       0       0       0
982       0       0       0       0       0       0       0       0
983       0       0       0       0       0       0       0       0
984       0       0       0       0       0       0       0       0
985       0       0       0       0       0       0       0       0
986       0       0       0       0       0       0       0       0
987       0       0       0       0       0       0       0       0
988       0       0       0       0       0       0       0       0
989       0       0       0       0       0       0       0       0
990       0       0       0       0       0       0       0       0
991       0       0       0       0       0       0       0       0
992       0       0       0       0       0       0       0       0
993       0       0       0       0       0       0       0       0
994       0       0       0       0       0       0       0       0
995       0       0       0       0       0       0       0       0
996       0       0       0       0       0       0       0       0
997       0       0       0       0       0       0       0       0
998       0       0       0       0       0       0       0       0
999       0       0       0       0       0       0       0       0
1000       0       0       0       0       0       0       0       0
1001       0       0       0       0       0       0       0       0
1002       0       0       0       0       0       0       0       0
1003       0       0       0       0       0       0       0       0
1004       0       0       0       0       0       0       0       0
1005       0       0       0       0       0       0       0       0
1006       0       0       0       0       0       0       0       0
1007       0       0       0       0       0       0       0       0
1008       0       0       0       0       0       0       0       0
1009       0       0       0       0       0       0       0       0
1010       0       0       0       0       0       0       0       0
1011       0       0       0       0       0       0       0       0
1012       0       0       0       0       0       0       0       0
1013       0       0       0       0       0       0       0       0
1014       0       0       0       0       0       0       0       0
1015       0       0       0       0       0       0       0       0
1016       0       0       0       0       0       0       0       0
1017       0       0       0       0       0       0       0       0
1018       0       0       0       0       0       0       0       0
1019       0       0       0       0       0       0       0       0
1020       0       0       0       0       0       0       0       0
1021       0       0       0       0       0       0       0       0
1022       0       0       0       0       0       0       0       0
1023       0       0       0       0       0       0       0       0
1024       0       0       0       0       0       0       0       0
1025       0       0       0       0       0       0       0       0
1026       0       0       0       0       0       0       0       0
1027       0       0       0       0       0       0       0       0
1028       0       0       0       0       0       0       0       0
1029       0       0       0       0       0       0       0       0
1030       0       0       0       0       0       0       0       0
1031       0       0       0       0       0       0       0       0
1032       0       0       0       0       0       0       0       0
1033       0       0       0       0       0       0       0       0
1034       0       0       0       0       0       0       0       0
1035       0       0       0       0       0       0       0       0
1036       0       0       0       0       0       0       0       0
1037       0       0       0       0       0       0       0       0
1038       0       0       0       0       0       0       0       0
1039       0       0       0       0       0       0       0       0
1040       0       0       0       0       0       0       0       0
1041       0       0       0       0       0       0       0       0
1042       0       0       0       0       0       0       0       0
1043       0       0       0       0       0       0       0       0
1044       0       0       0       0       0       0       0       0
1045       0       0       0       0       0       0       0       0
1046       0       0       0       0       0       0       0       0
1047       0       0       0       0       0       0       0       0
1048       0       0       0       0       0       0       0       0
1049       0       0       0       0       0       0       0       0
1050       0       0       0       0       0       0       0       0
1051       0       0       0       0       0       0       0       0
1052       0       0       0       0       0       0       0       0
1053       0       0       0       0       0       0       0       0
1054       0       0       0       0       0       0       0       0
1055       0       0       0       0       0       0       0       0
1056       0       0       0       0       0       0       0       0
1057       0       0       0       0       0       0       0       0
1058       0       0       0       0       0       0       0       0
1059       0       0       0       0       0       0       0       0
1060       0       0       0       0       0       0       0       0
1061       0       0       0       0       0       0       0       0
1062       0       0       0       0       0       0       0       0
1063       0       0       0       0       0       0       0       0
1064       0       0       0       0       0       0       0       0
1065       0       0       0       0       0       0       0       0
1066       0       0       0       0       0       0       0       0
1067       0       0       0       0       0       0       0       0
1068       0       0       0       0       0       0       0       0
1069       0       0       0       0       0       0       0       0
1070       0       0       0       0       0       0       0       0
1071       0       0       0       0       0       0       0       0
1072       0       0       0       0       0       0       0       0
1073       0       0       0       0       0       0       0       0
1074       0       0       0       0       0       0       0       0
1075       0       0       0       0       0       0       0       0
1076       0       0       0       0       0       0       0       0
1077       0       0       0       0       0       0       0       0
1078       0       0       0       0       0       0       0       0
1079       0       0       0       0       0       0       0       0
1080       0       0       0       0       0       0       0       0
1081       0       0       0       0       0       0       0       0
1082       0       0       0       0       0       0       0       0
1083       0       0       0       0       0       0       0       0
1084       0       0       0       0       0       0       0       0
1085       0       0       0       0       0       0       0       0
1086       0       0       0       0       0       0       0       0
1087       0       0       0       0       0       0       0       0
1088       0       0       0       0       0       0       0       0
1089       0       0       0       0       0       0       0       0
1090       0       0       0       0       0       0       0       0
1091       0       0       0       0       0       0       0       0
1092       0       0       0       0       0       0       0       0
1093       0       0       0       0       0       0       0       0
1094       0       0       0       0       0       0       0       0
1095       0       0       0       0       0       0       0       0
1096       0       0       0       0       0       0       0       0
1097       0       0       0       0       0       0       0       0
1098       0       0       0       0       0       0       0       0
1099       0       0       0       0       0       0       0       0
1100       0       0       0       0       0       0       0       0
1101       0       0       0       0       0       0       0       0
1102       0       0       0       0       0       0       0       0
1103       0       0       0       0       0       0       0       0
1104       0       0       0       0       0       0       0       0
1105       0       0       0       0       0       0       0       0
1106       0       0       0       0       0       0       0       0
1107       0       0       0       0       0       0       0       0
1108       0       0       0       0       0       0       0       0
1109       0       0       0       0       0       0       0       0
1110       0       0       0       0       0       0       0       0
1111       0       0       0       0       0       0       0       0
1112       0       0       0       0       0       0       0       0
1113       0       0       0       0       0       0       0       0
1114       0       0       0       0       0       0       0       0
1115       0       0       0       0       0       0       0       0
1116       0       0       0       0       0       0       0       0
1117       0       0       0       0       0       0       0       0
1118       0       0       0       0       0       0       0       0
1119       0       0       0       0       0       0       0       0
1120       0       0       0       0       0       0       0       0
1121       0       0       0       0       0       0       0       0
1122       0       0       0       0       0       0       0       0
1123       0       0       0       0       0       0       0       0
1124       0       0       0       0       0       0       0       0
1125       0       0       0       0       0       0       0       0
1126       0       0       0       0       0       0       0       0
1127       0       0       0       0       0       0       0       0
1128       0       0       0       0       0       0       0       0
1129       0       0       0       0       0       0       0       0
1130       0       0       0       0       0       0       0       0
1131       0       0       0       0       0       0       0       0
1132       0       0       0       0       0       0       0       0
1133       0       0       0       0       0       0       0       0
1134       0       0       0       0       0       0       0       0
1135       0       0       0       0       0       0       0       0
1136       0       0       0       0       0       0       0       0
1137       0       0       0       0       0       0       0       0
1138       0       0       0       0       0       0       0       0
1139       0       0       0       0       0       0       0       0
1140       0       0       0       0       0       0       0       0
1141       0       0       0       0       0       0       0       0
1142       0       0       0       0       0       0       0       0
1143       0       0       0       0       0       0       0       0
1144       0       0       0       0       0       0       0       0
1145       0       0       0       0       0       0       0       0
1146       0       0       0       0       0       0       0       0
1147       0       0       0       0       0       0       0       0
1148       0       0       0       0       0       0       0       0
1149       0       0       0       0       0       0       0       0
1150       0       0       0       0       0       0       0       0
1151       0       0       0       0       0       0       0       0
1152       0       0       0       0       0       0       0       0
1153       0       0       0       0       0       0       0       0
1154       0       0       0       0       0       0       0       0
1155       0       0       0       0       0       0       0       0
1156       0       0       0       0       0       0       0       0
1157       0       0       0       0       0       0       0       0
1158       0       0       0       0       0       0       0       0
1159       0       0       0       0       0       0       0       0
1160       0       0       0       0       0       0       0       0
1161       0       0       0       0       0       0       0       0
1162       0       0       0       0       0       0       0       0
1163       0       0       0       0       0       0       0       0
1164       0       0       0       0       0       0       0       0
1165       0       0       0       0       0       0       0       0
1166       0       0       0       0       0       0       0       0
1167       0       0       0       0       0       0       0       0
1168       0       0       0       0       0       0       0       0
1169       0       0       0       0       0       0       0       0
1170       0       0       0       0       0       0       0       0
1171       0       0       0       0       0       0       0       0
1172       0       0       0       0       0       0       0       0
1173       0       0       0       0       0       0       0       0
1174       0       0       0       0       0       0       0       0
1175       0       0       0       0       0       0       0       0
1176       0       0       0       0       0       0       0       0
1177       0       0       0       0       0       0       0       0
1178       0       0       0       0       0       0       0       0
1179       0       0       0       0       0       0       0       0
1180       0       0       0       0       0       0       0       0
1181       0       0       0       0       0       0       0       0
1182       0       0       0       0       0       0       0       0
1183       0       0       0       0       0       0       0       0
1184       0       0       0       0       0       0       0       0
1185       0       0       0       0       0       0       0       0
1186       0       0       0       0       0       0       0       0
1187       0       0       0       0       0       0       0       0
1188       0       0       0       0       0       0       0       0
1189       0       0       0       0       0       0       0       0
1190       0       0       0       0       0       0       0       0
1191       0       0       0       0       0       0       0       0
1192       0       0       0       0       0       0       0       0
1193       0       0       0       0       0       0       0       0
1194       0       0       0       0       0       0       0       0
1195       0       0       0       0       0       0       0       0
1196       0       0       0       0       0       0       0       0
1197       0       0       0       0       0       0       0       0
1198       0       0       0       0       0       0       0       0
1199       0       0       0       0       0       0       0       0
