427 	0.00007 	0.00000 	0.00000 	0.00000 	0.00000 	0.00000 	0.00000 	0.00000 
428 	0.00061 	0.00000 	0.00000 	0.00000 	0.00000 	0.00000 	0.00000 	0.00000 
429 	0.00163 	0.00000 	0.00000 	0.00000 	0.00000 	0.00000 	0.00000 	0.00000 
430 	0.00342 	0.00000 	0.00000 	0.00000 	0.00000 	0.00000 	0.00000 	0.00000 
431 	0.00802 	0.00000 	0.00000 	0.00000 	0.00000 	0.00000 	0.00000 	0.00000 
432 	0.02477 	0.00000 	0.00000 	0.00000 	0.00000 	0.00000 	0.00000 	0.00000 
433 	0.08569 	0.00000 	0.00000 	0.00000 	0.00000 	0.00000 	0.00000 	0.00000 
434 	0.25415 	0.00000 	0.00000 	0.00000 	0.00000 	0.00000 	0.00000 	0.00000 
435 	0.51782 	0.00000 	0.00000 	0.00000 	0.00000 	0.00000 	0.00000 	0.00000 
436 	0.76512 	0.00000 	0.00000 	0.00000 	0.00000 	0.00000 	0.00000 	0.00000 
437 	0.90875 	0.00000 	0.00000 	0.00000 	0.00000 	0.00000 	0.00000 	0.00000 
438 	0.95820 	0.00000 	0.00000 	0.00000 	0.00000 	0.00000 	0.00000 	0.00000 
439 	0.97739 	0.00000 	0.00000 	0.00000 	0.00000 	0.00000 	0.00000 	0.00000 
440 	0.98379 	0.00000 	0.00000 	0.00000 	0.00000 	0.00000 	0.00000 	0.00000 
441 	0.98905 	0.00000 	0.00000 	0.00000 	0.00000 	0.00000 	0.00000 	0.00000 
442 	0.98671 	0.00000 	0.00000 	0.00000 	0.00000 	0.00000 	0.00000 	0.00000 
443 	0.99368 	0.00000 	0.00000 	0.00000 	0.00000 	0.00000 	0.00000 	0.00000 
444 	0.99314 	0.00000 	0.00000 	0.00000 	0.00000 	0.00000 	0.00000 	0.00000 
445 	1.00000 	0.00000 	0.00000 	0.00000 	0.00000 	0.00000 	0.00000 	0.00000 
446 	0.99697 	0.00000 	0.00000 	0.00000 	0.00000 	0.00000 	0.00000 	0.00000 
447 	0.98278 	0.00000 	0.00000 	0.00000 	0.00000 	0.00000 	0.00000 	0.00000 
448 	0.97269 	0.00000 	0.00000 	0.00000 	0.00000 	0.00000 	0.00000 	0.00000 
449 	0.90581 	0.00000 	0.00000 	0.00000 	0.00000 	0.00000 	0.00000 	0.00000 
450 	0.74561 	0.00000 	0.00000 	0.00000 	0.00000 	0.00000 	0.00000 	0.00000 
451 	0.47133 	0.00000 	0.00000 	0.00000 	0.00000 	0.00000 	0.00000 	0.00000 
452 	0.22641 	0.00000 	0.00000 	0.00000 	0.00000 	0.00000 	0.00000 	0.00000 
453 	0.09286 	0.00000 	0.00000 	0.00000 	0.00000 	0.00000 	0.00000 	0.00000 
454 	0.03660 	0.00000 	0.00000 	0.00000 	0.00000 	0.00000 	0.00000 	0.00000 
455 	0.01454 	0.00000 	0.00000 	0.00000 	0.00000 	0.00000 	0.00000 	0.00000 
456 	0.00583 	0.00000 	0.00000 	0.00000 	0.00000 	0.00000 	0.00000 	0.00000 
457 	0.00241 	0.00000 	0.00000 	0.00000 	0.00000 	0.00000 	0.00000 	0.00000 
458 	0.00098 	0.00000 	0.00000 	0.00000 	0.00000 	0.00000 	0.00000 	0.00000 
459 	0.00026 	0.00000 	0.00000 	0.00000 	0.00000 	0.00000 	0.00000 	0.00000 
436 	0.00000 	0.00001 	0.00000 	0.00000 	0.00000 	0.00000 	0.00000 	0.00000 
437 	0.00000 	0.00006 	0.00000 	0.00000 	0.00000 	0.00000 	0.00000 	0.00000 
438 	0.00000 	0.00012 	0.00000 	0.00000 	0.00000 	0.00000 	0.00000 	0.00000 
439 	0.00000 	0.00024 	0.00000 	0.00000 	0.00000 	0.00000 	0.00000 	0.00000 
440 	0.00000 	0.00035 	0.00000 	0.00000 	0.00000 	0.00000 	0.00000 	0.00000 
441 	0.00000 	0.00046 	0.00000 	0.00000 	0.00000 	0.00000 	0.00000 	0.00000 
442 	0.00000 	0.00076 	0.00000 	0.00000 	0.00000 	0.00000 	0.00000 	0.00000 
443 	0.00000 	0.00120 	0.00000 	0.00000 	0.00000 	0.00000 	0.00000 	0.00000 
444 	0.00000 	0.00207 	0.00000 	0.00000 	0.00000 	0.00000 	0.00000 	0.00000 
445 	0.00000 	0.00371 	0.00000 	0.00000 	0.00000 	0.00000 	0.00000 	0.00000 
446 	0.00000 	0.00687 	0.00000 	0.00000 	0.00000 	0.00000 	0.00000 	0.00000 
447 	0.00000 	0.01321 	0.00000 	0.00000 	0.00000 	0.00000 	0.00000 	0.00000 
448 	0.00000 	0.02717 	0.00000 	0.00000 	0.00000 	0.00000 	0.00000 	0.00000 
449 	0.00000 	0.05861 	0.00000 	0.00000 	0.00000 	0.00000 	0.00000 	0.00000 
450 	0.00000 	0.13088 	0.00000 	0.00000 	0.00000 	0.00000 	0.00000 	0.00000 
451 	0.00000 	0.27137 	0.00000 	0.00000 	0.00000 	0.00000 	0.00000 	0.00000 
452 	0.00000 	0.49354 	0.00000 	0.00000 	0.00000 	0.00000 	0.00000 	0.00000 
453 	0.00000 	0.72397 	0.00000 	0.00000 	0.00000 	0.00000 	0.00000 	0.00000 
454 	0.00000 	0.85751 	0.00000 	0.00000 	0.00000 	0.00000 	0.00000 	0.00000 
455 	0.00000 	0.89422 	0.00000 	0.00000 	0.00000 	0.00000 	0.00000 	0.00000 
456 	0.00000 	0.90303 	0.00000 	0.00000 	0.00000 	0.00000 	0.00000 	0.00000 
457 	0.00000 	0.91093 	0.00000 	0.00000 	0.00000 	0.00000 	0.00000 	0.00000 
458 	0.00000 	0.90988 	0.00000 	0.00000 	0.00000 	0.00000 	0.00000 	0.00000 
459 	0.00000 	0.89948 	0.00000 	0.00000 	0.00000 	0.00000 	0.00000 	0.00000 
460 	0.00000 	0.89798 	0.00000 	0.00000 	0.00000 	0.00000 	0.00000 	0.00000 
461 	0.00000 	0.88967 	0.00000 	0.00000 	0.00000 	0.00000 	0.00000 	0.00000 
462 	0.00000 	0.88354 	0.00000 	0.00000 	0.00000 	0.00000 	0.00000 	0.00000 
463 	0.00000 	0.87745 	0.00000 	0.00000 	0.00000 	0.00000 	0.00000 	0.00000 
464 	0.00000 	0.88101 	0.00000 	0.00000 	0.00000 	0.00000 	0.00000 	0.00000 
465 	0.00000 	0.87472 	0.00000 	0.00000 	0.00000 	0.00000 	0.00000 	0.00000 
466 	0.00000 	0.87969 	0.00000 	0.00000 	0.00000 	0.00000 	0.00000 	0.00000 
467 	0.00000 	0.88657 	0.00000 	0.00000 	0.00000 	0.00000 	0.00000 	0.00000 
468 	0.00000 	0.89191 	0.00000 	0.00000 	0.00000 	0.00000 	0.00000 	0.00000 
469 	0.00000 	0.88768 	0.00000 	0.00000 	0.00000 	0.00000 	0.00000 	0.00000 
470 	0.00000 	0.86116 	0.00000 	0.00000 	0.00000 	0.00000 	0.00000 	0.00000 
471 	0.00000 	0.84853 	0.00000 	0.00000 	0.00000 	0.00000 	0.00000 	0.00000 
472 	0.00000 	0.84083 	0.00000 	0.00000 	0.00000 	0.00000 	0.00000 	0.00000 
473 	0.00000 	0.82834 	0.00000 	0.00000 	0.00000 	0.00000 	0.00000 	0.00000 
474 	0.00000 	0.84420 	0.00000 	0.00000 	0.00000 	0.00000 	0.00000 	0.00000 
475 	0.00000 	0.86586 	0.00000 	0.00000 	0.00000 	0.00000 	0.00000 	0.00000 
476 	0.00000 	0.86850 	0.00000 	0.00000 	0.00000 	0.00000 	0.00000 	0.00000 
477 	0.00000 	0.89025 	0.00000 	0.00000 	0.00000 	0.00000 	0.00000 	0.00000 
478 	0.00000 	0.91254 	0.00000 	0.00000 	0.00000 	0.00000 	0.00000 	0.00000 
479 	0.00000 	0.91039 	0.00000 	0.00000 	0.00000 	0.00000 	0.00000 	0.00000 
480 	0.00000 	0.91882 	0.00000 	0.00000 	0.00000 	0.00000 	0.00000 	0.00000 
481 	0.00000 	0.93173 	0.00000 	0.00000 	0.00000 	0.00000 	0.00000 	0.00000 
482 	0.00000 	0.93181 	0.00000 	0.00000 	0.00000 	0.00000 	0.00000 	0.00000 
483 	0.00000 	0.95425 	0.00000 	0.00000 	0.00000 	0.00000 	0.00000 	0.00000 
484 	0.00000 	0.95555 	0.00000 	0.00000 	0.00000 	0.00000 	0.00000 	0.00000 
485 	0.00000 	0.96242 	0.00000 	0.00000 	0.00000 	0.00000 	0.00000 	0.00000 
486 	0.00000 	0.95642 	0.00000 	0.00000 	0.00000 	0.00000 	0.00000 	0.00000 
487 	0.00000 	0.95335 	0.00000 	0.00000 	0.00000 	0.00000 	0.00000 	0.00000 
488 	0.00000 	0.97856 	0.00000 	0.00000 	0.00000 	0.00000 	0.00000 	0.00000 
489 	0.00000 	0.98910 	0.00000 	0.00000 	0.00000 	0.00000 	0.00000 	0.00000 
490 	0.00000 	0.98562 	0.00000 	0.00000 	0.00000 	0.00000 	0.00000 	0.00000 
491 	0.00000 	0.98947 	0.00000 	0.00000 	0.00000 	0.00000 	0.00000 	0.00000 
492 	0.00000 	0.98226 	0.00000 	0.00000 	0.00000 	0.00000 	0.00000 	0.00000 
493 	0.00000 	0.96880 	0.00000 	0.00000 	0.00000 	0.00000 	0.00000 	0.00000 
494 	0.00000 	0.96733 	0.00000 	0.00000 	0.00000 	0.00000 	0.00000 	0.00000 
495 	0.00000 	0.97684 	0.00000 	0.00000 	0.00000 	0.00000 	0.00000 	0.00000 
496 	0.00000 	0.98873 	0.00000 	0.00000 	0.00000 	0.00000 	0.00000 	0.00000 
497 	0.00000 	0.98083 	0.00000 	0.00000 	0.00000 	0.00000 	0.00000 	0.00000 
498 	0.00000 	0.96736 	0.00000 	0.00000 	0.00000 	0.00000 	0.00000 	0.00000 
499 	0.00000 	0.95475 	0.00000 	0.00000 	0.00000 	0.00000 	0.00000 	0.00000 
500 	0.00000 	0.96413 	0.00000 	0.00000 	0.00000 	0.00000 	0.00000 	0.00000 
501 	0.00000 	0.96613 	0.00000 	0.00000 	0.00000 	0.00000 	0.00000 	0.00000 
502 	0.00000 	0.96677 	0.00000 	0.00000 	0.00000 	0.00000 	0.00000 	0.00000 
503 	0.00000 	0.98183 	0.00000 	0.00000 	0.00000 	0.00000 	0.00000 	0.00000 
504 	0.00000 	0.98232 	0.00000 	0.00000 	0.00000 	0.00000 	0.00000 	0.00000 
505 	0.00000 	0.96569 	0.00000 	0.00000 	0.00000 	0.00000 	0.00000 	0.00000 
506 	0.00000 	0.96314 	0.00000 	0.00000 	0.00000 	0.00000 	0.00000 	0.00000 
507 	0.00000 	0.97226 	0.00000 	0.00000 	0.00000 	0.00000 	0.00000 	0.00000 
508 	0.00000 	0.99650 	0.00000 	0.00000 	0.00000 	0.00000 	0.00000 	0.00000 
509 	0.00000 	1.00000 	0.00000 	0.00000 	0.00000 	0.00000 	0.00000 	0.00000 
510 	0.00000 	0.95560 	0.00000 	0.00000 	0.00000 	0.00000 	0.00000 	0.00000 
511 	0.00000 	0.84489 	0.00000 	0.00000 	0.00000 	0.00000 	0.00000 	0.00000 
512 	0.00000 	0.53459 	0.00000 	0.00000 	0.00000 	0.00000 	0.00000 	0.00000 
513 	0.00000 	0.19074 	0.00000 	0.00000 	0.00000 	0.00000 	0.00000 	0.00000 
514 	0.00000 	0.04833 	0.00000 	0.00000 	0.00000 	0.00000 	0.00000 	0.00000 
515 	0.00000 	0.01389 	0.00000 	0.00000 	0.00000 	0.00000 	0.00000 	0.00000 
516 	0.00000 	0.00533 	0.00000 	0.00000 	0.00000 	0.00000 	0.00000 	0.00000 
517 	0.00000 	0.00261 	0.00000 	0.00000 	0.00000 	0.00000 	0.00000 	0.00000 
518 	0.00000 	0.00156 	0.00000 	0.00000 	0.00000 	0.00000 	0.00000 	0.00000 
519 	0.00000 	0.00110 	0.00000 	0.00000 	0.00000 	0.00000 	0.00000 	0.00000 
520 	0.00000 	0.00079 	0.00000 	0.00000 	0.00000 	0.00000 	0.00000 	0.00000 
521 	0.00000 	0.00052 	0.00000 	0.00000 	0.00000 	0.00000 	0.00000 	0.00000 
522 	0.00000 	0.00032 	0.00000 	0.00000 	0.00000 	0.00000 	0.00000 	0.00000 
523 	0.00000 	0.00016 	0.00000 	0.00000 	0.00000 	0.00000 	0.00000 	0.00000 
524 	0.00000 	0.00007 	0.00000 	0.00000 	0.00000 	0.00000 	0.00000 	0.00000 
525 	0.00000 	0.00006 	0.00000 	0.00000 	0.00000 	0.00000 	0.00000 	0.00000 
526 	0.00000 	0.00002 	0.00000 	0.00000 	0.00000 	0.00000 	0.00000 	0.00000 
527 	0.00000 	0.00003 	0.00000 	0.00000 	0.00000 	0.00000 	0.00000 	0.00000 
528 	0.00000 	-0.00002 	0.00000 	0.00000 	0.00000 	0.00000 	0.00000 	0.00000 
512 	0.00000 	0.00000 	-0.00005 	0.00000 	0.00000 	0.00000 	0.00000 	0.00000 
513 	0.00000 	0.00000 	0.00002 	0.00000 	0.00000 	0.00000 	0.00000 	0.00000 
514 	0.00000 	0.00000 	0.00011 	0.00000 	0.00000 	0.00000 	0.00000 	0.00000 
515 	0.00000 	0.00000 	0.00025 	0.00000 	0.00000 	0.00000 	0.00000 	0.00000 
516 	0.00000 	0.00000 	0.00036 	0.00000 	0.00000 	0.00000 	0.00000 	0.00000 
517 	0.00000 	0.00000 	0.00065 	0.00000 	0.00000 	0.00000 	0.00000 	0.00000 
518 	0.00000 	0.00000 	0.00094 	0.00000 	0.00000 	0.00000 	0.00000 	0.00000 
519 	0.00000 	0.00000 	0.00133 	0.00000 	0.00000 	0.00000 	0.00000 	0.00000 
520 	0.00000 	0.00000 	0.00182 	0.00000 	0.00000 	0.00000 	0.00000 	0.00000 
521 	0.00000 	0.00000 	0.00252 	0.00000 	0.00000 	0.00000 	0.00000 	0.00000 
522 	0.00000 	0.00000 	0.00345 	0.00000 	0.00000 	0.00000 	0.00000 	0.00000 
523 	0.00000 	0.00000 	0.00488 	0.00000 	0.00000 	0.00000 	0.00000 	0.00000 
524 	0.00000 	0.00000 	0.00702 	0.00000 	0.00000 	0.00000 	0.00000 	0.00000 
525 	0.00000 	0.00000 	0.01044 	0.00000 	0.00000 	0.00000 	0.00000 	0.00000 
526 	0.00000 	0.00000 	0.01625 	0.00000 	0.00000 	0.00000 	0.00000 	0.00000 
527 	0.00000 	0.00000 	0.02551 	0.00000 	0.00000 	0.00000 	0.00000 	0.00000 
528 	0.00000 	0.00000 	0.04145 	0.00000 	0.00000 	0.00000 	0.00000 	0.00000 
529 	0.00000 	0.00000 	0.07055 	0.00000 	0.00000 	0.00000 	0.00000 	0.00000 
530 	0.00000 	0.00000 	0.12344 	0.00000 	0.00000 	0.00000 	0.00000 	0.00000 
531 	0.00000 	0.00000 	0.21168 	0.00000 	0.00000 	0.00000 	0.00000 	0.00000 
532 	0.00000 	0.00000 	0.35389 	0.00000 	0.00000 	0.00000 	0.00000 	0.00000 
533 	0.00000 	0.00000 	0.54586 	0.00000 	0.00000 	0.00000 	0.00000 	0.00000 
534 	0.00000 	0.00000 	0.74121 	0.00000 	0.00000 	0.00000 	0.00000 	0.00000 
535 	0.00000 	0.00000 	0.86523 	0.00000 	0.00000 	0.00000 	0.00000 	0.00000 
536 	0.00000 	0.00000 	0.92740 	0.00000 	0.00000 	0.00000 	0.00000 	0.00000 
537 	0.00000 	0.00000 	0.95463 	0.00000 	0.00000 	0.00000 	0.00000 	0.00000 
538 	0.00000 	0.00000 	0.95416 	0.00000 	0.00000 	0.00000 	0.00000 	0.00000 
539 	0.00000 	0.00000 	0.95922 	0.00000 	0.00000 	0.00000 	0.00000 	0.00000 
540 	0.00000 	0.00000 	0.96133 	0.00000 	0.00000 	0.00000 	0.00000 	0.00000 
541 	0.00000 	0.00000 	0.96490 	0.00000 	0.00000 	0.00000 	0.00000 	0.00000 
542 	0.00000 	0.00000 	0.96987 	0.00000 	0.00000 	0.00000 	0.00000 	0.00000 
543 	0.00000 	0.00000 	0.95249 	0.00000 	0.00000 	0.00000 	0.00000 	0.00000 
544 	0.00000 	0.00000 	0.96140 	0.00000 	0.00000 	0.00000 	0.00000 	0.00000 
545 	0.00000 	0.00000 	0.97827 	0.00000 	0.00000 	0.00000 	0.00000 	0.00000 
546 	0.00000 	0.00000 	0.97753 	0.00000 	0.00000 	0.00000 	0.00000 	0.00000 
547 	0.00000 	0.00000 	0.97700 	0.00000 	0.00000 	0.00000 	0.00000 	0.00000 
548 	0.00000 	0.00000 	0.98088 	0.00000 	0.00000 	0.00000 	0.00000 	0.00000 
549 	0.00000 	0.00000 	0.99078 	0.00000 	0.00000 	0.00000 	0.00000 	0.00000 
550 	0.00000 	0.00000 	1.00000 	0.00000 	0.00000 	0.00000 	0.00000 	0.00000 
551 	0.00000 	0.00000 	0.99226 	0.00000 	0.00000 	0.00000 	0.00000 	0.00000 
552 	0.00000 	0.00000 	0.98264 	0.00000 	0.00000 	0.00000 	0.00000 	0.00000 
553 	0.00000 	0.00000 	0.98383 	0.00000 	0.00000 	0.00000 	0.00000 	0.00000 
554 	0.00000 	0.00000 	0.97777 	0.00000 	0.00000 	0.00000 	0.00000 	0.00000 
555 	0.00000 	0.00000 	0.96508 	0.00000 	0.00000 	0.00000 	0.00000 	0.00000 
556 	0.00000 	0.00000 	0.95731 	0.00000 	0.00000 	0.00000 	0.00000 	0.00000 
557 	0.00000 	0.00000 	0.94625 	0.00000 	0.00000 	0.00000 	0.00000 	0.00000 
558 	0.00000 	0.00000 	0.94787 	0.00000 	0.00000 	0.00000 	0.00000 	0.00000 
559 	0.00000 	0.00000 	0.95904 	0.00000 	0.00000 	0.00000 	0.00000 	0.00000 
560 	0.00000 	0.00000 	0.96653 	0.00000 	0.00000 	0.00000 	0.00000 	0.00000 
561 	0.00000 	0.00000 	0.97766 	0.00000 	0.00000 	0.00000 	0.00000 	0.00000 
562 	0.00000 	0.00000 	0.96645 	0.00000 	0.00000 	0.00000 	0.00000 	0.00000 
563 	0.00000 	0.00000 	0.95340 	0.00000 	0.00000 	0.00000 	0.00000 	0.00000 
564 	0.00000 	0.00000 	0.95831 	0.00000 	0.00000 	0.00000 	0.00000 	0.00000 
565 	0.00000 	0.00000 	0.97004 	0.00000 	0.00000 	0.00000 	0.00000 	0.00000 
566 	0.00000 	0.00000 	0.97861 	0.00000 	0.00000 	0.00000 	0.00000 	0.00000 
567 	0.00000 	0.00000 	0.98340 	0.00000 	0.00000 	0.00000 	0.00000 	0.00000 
568 	0.00000 	0.00000 	0.98096 	0.00000 	0.00000 	0.00000 	0.00000 	0.00000 
569 	0.00000 	0.00000 	0.97452 	0.00000 	0.00000 	0.00000 	0.00000 	0.00000 
570 	0.00000 	0.00000 	0.96723 	0.00000 	0.00000 	0.00000 	0.00000 	0.00000 
571 	0.00000 	0.00000 	0.97941 	0.00000 	0.00000 	0.00000 	0.00000 	0.00000 
572 	0.00000 	0.00000 	0.97821 	0.00000 	0.00000 	0.00000 	0.00000 	0.00000 
573 	0.00000 	0.00000 	0.97582 	0.00000 	0.00000 	0.00000 	0.00000 	0.00000 
574 	0.00000 	0.00000 	0.97439 	0.00000 	0.00000 	0.00000 	0.00000 	0.00000 
575 	0.00000 	0.00000 	0.97997 	0.00000 	0.00000 	0.00000 	0.00000 	0.00000 
576 	0.00000 	0.00000 	0.96883 	0.00000 	0.00000 	0.00000 	0.00000 	0.00000 
577 	0.00000 	0.00000 	0.96918 	0.00000 	0.00000 	0.00000 	0.00000 	0.00000 
578 	0.00000 	0.00000 	0.96784 	0.00000 	0.00000 	0.00000 	0.00000 	0.00000 
579 	0.00000 	0.00000 	0.98296 	0.00000 	0.00000 	0.00000 	0.00000 	0.00000 
580 	0.00000 	0.00000 	0.97960 	0.00000 	0.00000 	0.00000 	0.00000 	0.00000 
581 	0.00000 	0.00000 	0.96381 	0.00000 	0.00000 	0.00000 	0.00000 	0.00000 
582 	0.00000 	0.00000 	0.96889 	0.00000 	0.00000 	0.00000 	0.00000 	0.00000 
583 	0.00000 	0.00000 	0.98366 	0.00000 	0.00000 	0.00000 	0.00000 	0.00000 
584 	0.00000 	0.00000 	0.98666 	0.00000 	0.00000 	0.00000 	0.00000 	0.00000 
585 	0.00000 	0.00000 	0.97421 	0.00000 	0.00000 	0.00000 	0.00000 	0.00000 
586 	0.00000 	0.00000 	0.94641 	0.00000 	0.00000 	0.00000 	0.00000 	0.00000 
587 	0.00000 	0.00000 	0.90448 	0.00000 	0.00000 	0.00000 	0.00000 	0.00000 
588 	0.00000 	0.00000 	0.80928 	0.00000 	0.00000 	0.00000 	0.00000 	0.00000 
589 	0.00000 	0.00000 	0.68497 	0.00000 	0.00000 	0.00000 	0.00000 	0.00000 
590 	0.00000 	0.00000 	0.52530 	0.00000 	0.00000 	0.00000 	0.00000 	0.00000 
591 	0.00000 	0.00000 	0.34536 	0.00000 	0.00000 	0.00000 	0.00000 	0.00000 
592 	0.00000 	0.00000 	0.19047 	0.00000 	0.00000 	0.00000 	0.00000 	0.00000 
593 	0.00000 	0.00000 	0.08783 	0.00000 	0.00000 	0.00000 	0.00000 	0.00000 
594 	0.00000 	0.00000 	0.03539 	0.00000 	0.00000 	0.00000 	0.00000 	0.00000 
595 	0.00000 	0.00000 	0.01408 	0.00000 	0.00000 	0.00000 	0.00000 	0.00000 
596 	0.00000 	0.00000 	0.00594 	0.00000 	0.00000 	0.00000 	0.00000 	0.00000 
597 	0.00000 	0.00000 	0.00257 	0.00000 	0.00000 	0.00000 	0.00000 	0.00000 
598 	0.00000 	0.00000 	0.00105 	0.00000 	0.00000 	0.00000 	0.00000 	0.00000 
599 	0.00000 	0.00000 	0.00039 	0.00000 	0.00000 	0.00000 	0.00000 	0.00000 
600 	0.00000 	0.00000 	0.00009 	0.00000 	0.00000 	0.00000 	0.00000 	0.00000 
601 	0.00000 	0.00000 	-0.00008 	0.00000 	0.00000 	0.00000 	0.00000 	0.00000 
602 	0.00000 	0.00000 	-0.00019 	0.00000 	0.00000 	0.00000 	0.00000 	0.00000 
603 	0.00000 	0.00000 	-0.00023 	0.00000 	0.00000 	0.00000 	0.00000 	0.00000 
604 	0.00000 	0.00000 	-0.00029 	0.00000 	0.00000 	0.00000 	0.00000 	0.00000 
605 	0.00000 	0.00000 	-0.00031 	0.00000 	0.00000 	0.00000 	0.00000 	0.00000 
606 	0.00000 	0.00000 	-0.00034 	0.00000 	0.00000 	0.00000 	0.00000 	0.00000 
607 	0.00000 	0.00000 	-0.00035 	0.00000 	0.00000 	0.00000 	0.00000 	0.00000 
608 	0.00000 	0.00000 	-0.00033 	0.00000 	0.00000 	0.00000 	0.00000 	0.00000 
609 	0.00000 	0.00000 	-0.00035 	0.00000 	0.00000 	0.00000 	0.00000 	0.00000 
610 	0.00000 	0.00000 	-0.00032 	0.00000 	0.00000 	0.00000 	0.00000 	0.00000 
625 	0.00000 	0.00000 	0.00000 	-0.00034 	0.00000 	0.00000 	0.00000 	0.00000			
626 	0.00000 	0.00000 	0.00000 	0.00027 	0.00000 	0.00000 	0.00000 	0.00000 
627 	0.00000 	0.00000 	0.00000 	0.00090 	0.00000 	0.00000 	0.00000 	0.00000 
628 	0.00000 	0.00000 	0.00000 	0.00185 	0.00000 	0.00000 	0.00000 	0.00000 
629 	0.00000 	0.00000 	0.00000 	0.00365 	0.00000 	0.00000 	0.00000 	0.00000 
630 	0.00000 	0.00000 	0.00000 	0.00720 	0.00000 	0.00000 	0.00000 	0.00000 
631 	0.00000 	0.00000 	0.00000 	0.01452 	0.00000 	0.00000 	0.00000 	0.00000 
632 	0.00000 	0.00000 	0.00000 	0.03043 	0.00000 	0.00000 	0.00000 	0.00000 
633 	0.00000 	0.00000 	0.00000 	0.06686 	0.00000 	0.00000 	0.00000 	0.00000 
634 	0.00000 	0.00000 	0.00000 	0.14852 	0.00000 	0.00000 	0.00000 	0.00000 
635 	0.00000 	0.00000 	0.00000 	0.29978 	0.00000 	0.00000 	0.00000 	0.00000 
636 	0.00000 	0.00000 	0.00000 	0.52681 	0.00000 	0.00000 	0.00000 	0.00000 
637 	0.00000 	0.00000 	0.00000 	0.76444 	0.00000 	0.00000 	0.00000 	0.00000 
638 	0.00000 	0.00000 	0.00000 	0.90547 	0.00000 	0.00000 	0.00000 	0.00000 
639 	0.00000 	0.00000 	0.00000 	0.94795 	0.00000 	0.00000 	0.00000 	0.00000 
640 	0.00000 	0.00000 	0.00000 	0.95082 	0.00000 	0.00000 	0.00000 	0.00000 
641 	0.00000 	0.00000 	0.00000 	0.94742 	0.00000 	0.00000 	0.00000 	0.00000 
642 	0.00000 	0.00000 	0.00000 	0.95183 	0.00000 	0.00000 	0.00000 	0.00000 
643 	0.00000 	0.00000 	0.00000 	0.96271 	0.00000 	0.00000 	0.00000 	0.00000 
644 	0.00000 	0.00000 	0.00000 	0.97508 	0.00000 	0.00000 	0.00000 	0.00000 
645 	0.00000 	0.00000 	0.00000 	0.98417 	0.00000 	0.00000 	0.00000 	0.00000 
646 	0.00000 	0.00000 	0.00000 	0.98361 	0.00000 	0.00000 	0.00000 	0.00000 
647 	0.00000 	0.00000 	0.00000 	0.98343 	0.00000 	0.00000 	0.00000 	0.00000 
648 	0.00000 	0.00000 	0.00000 	0.98291 	0.00000 	0.00000 	0.00000 	0.00000 
649 	0.00000 	0.00000 	0.00000 	0.97364 	0.00000 	0.00000 	0.00000 	0.00000 
650 	0.00000 	0.00000 	0.00000 	0.95944 	0.00000 	0.00000 	0.00000 	0.00000 
651 	0.00000 	0.00000 	0.00000 	0.95564 	0.00000 	0.00000 	0.00000 	0.00000 
652 	0.00000 	0.00000 	0.00000 	0.95555 	0.00000 	0.00000 	0.00000 	0.00000 
653 	0.00000 	0.00000 	0.00000 	0.95334 	0.00000 	0.00000 	0.00000 	0.00000 
654 	0.00000 	0.00000 	0.00000 	0.95663 	0.00000 	0.00000 	0.00000 	0.00000 
655 	0.00000 	0.00000 	0.00000 	0.98169 	0.00000 	0.00000 	0.00000 	0.00000 
656 	0.00000 	0.00000 	0.00000 	1.00000 	0.00000 	0.00000 	0.00000 	0.00000 
657 	0.00000 	0.00000 	0.00000 	0.99239 	0.00000 	0.00000 	0.00000 	0.00000 
658 	0.00000 	0.00000 	0.00000 	0.98462 	0.00000 	0.00000 	0.00000 	0.00000 
659 	0.00000 	0.00000 	0.00000 	0.98157 	0.00000 	0.00000 	0.00000 	0.00000 
660 	0.00000 	0.00000 	0.00000 	0.97696 	0.00000 	0.00000 	0.00000 	0.00000 
661 	0.00000 	0.00000 	0.00000 	0.97298 	0.00000 	0.00000 	0.00000 	0.00000 
662 	0.00000 	0.00000 	0.00000 	0.98108 	0.00000 	0.00000 	0.00000 	0.00000 
663 	0.00000 	0.00000 	0.00000 	0.99680 	0.00000 	0.00000 	0.00000 	0.00000 
664 	0.00000 	0.00000 	0.00000 	0.99214 	0.00000 	0.00000 	0.00000 	0.00000 
665 	0.00000 	0.00000 	0.00000 	0.98068 	0.00000 	0.00000 	0.00000 	0.00000 
666 	0.00000 	0.00000 	0.00000 	0.96400 	0.00000 	0.00000 	0.00000 	0.00000 
667 	0.00000 	0.00000 	0.00000 	0.96215 	0.00000 	0.00000 	0.00000 	0.00000 
668 	0.00000 	0.00000 	0.00000 	0.97078 	0.00000 	0.00000 	0.00000 	0.00000 
669 	0.00000 	0.00000 	0.00000 	0.96718 	0.00000 	0.00000 	0.00000 	0.00000 
670 	0.00000 	0.00000 	0.00000 	0.96693 	0.00000 	0.00000 	0.00000 	0.00000 
671 	0.00000 	0.00000 	0.00000 	0.94993 	0.00000 	0.00000 	0.00000 	0.00000 
672 	0.00000 	0.00000 	0.00000 	0.84886 	0.00000 	0.00000 	0.00000 	0.00000 
673 	0.00000 	0.00000 	0.00000 	0.60936 	0.00000 	0.00000 	0.00000 	0.00000 
674 	0.00000 	0.00000 	0.00000 	0.31635 	0.00000 	0.00000 	0.00000 	0.00000 
675 	0.00000 	0.00000 	0.00000 	0.12395 	0.00000 	0.00000 	0.00000 	0.00000 
676 	0.00000 	0.00000 	0.00000 	0.04603 	0.00000 	0.00000 	0.00000 	0.00000 
677 	0.00000 	0.00000 	0.00000 	0.01770 	0.00000 	0.00000 	0.00000 	0.00000 
678 	0.00000 	0.00000 	0.00000 	0.00733 	0.00000 	0.00000 	0.00000 	0.00000 
679 	0.00000 	0.00000 	0.00000 	0.00321 	0.00000 	0.00000 	0.00000 	0.00000 
680 	0.00000 	0.00000 	0.00000 	0.00140 	0.00000 	0.00000 	0.00000 	0.00000 
681 	0.00000 	0.00000 	0.00000 	0.00055 	0.00000 	0.00000 	0.00000 	0.00000 
682 	0.00000 	0.00000 	0.00000 	0.00012 	0.00000 	0.00000 	0.00000 	0.00000 
683 	0.00000 	0.00000 	0.00000 	-0.00012 	0.00000 	0.00000 	0.00000 	0.00000 
684 	0.00000 	0.00000 	0.00000 	-0.00029 	0.00000 	0.00000 	0.00000 	0.00000 
685 	0.00000 	0.00000 	0.00000 	-0.00038 	0.00000 	0.00000 	0.00000 	0.00000 
686 	0.00000 	0.00000 	0.00000 	-0.00040 	0.00000 	0.00000 	0.00000 	0.00000 
687 	0.00000 	0.00000 	0.00000 	-0.00046 	0.00000 	0.00000 	0.00000 	0.00000 
688 	0.00000 	0.00000 	0.00000 	-0.00049 	0.00000 	0.00000 	0.00000 	0.00000 
689 	0.00000 	0.00000 	0.00000 	-0.00046 	0.00000 	0.00000 	0.00000 	0.00000 
690 	0.00000 	0.00000 	0.00000 	-0.00043 	0.00000 	0.00000 	0.00000 	0.00000 
691 	0.00000 	0.00000 	0.00000 	-0.00042 	0.00000 	0.00000 	0.00000 	0.00000 
829 	0.00000 	0.00000 	0.00000 	0.00000 	-0.00003 	0.00000 	0.00000 	0.00000 
830 	0.00000 	0.00000 	0.00000 	0.00000 	0.00001 	0.00000 	0.00000 	0.00000 
831 	0.00000 	0.00000 	0.00000 	0.00000 	0.00005 	0.00000 	0.00000 	0.00000 
832 	0.00000 	0.00000 	0.00000 	0.00000 	0.00010 	0.00000 	0.00000 	0.00000 
833 	0.00000 	0.00000 	0.00000 	0.00000 	0.00024 	0.00000 	0.00000 	0.00000 
834 	0.00000 	0.00000 	0.00000 	0.00000 	0.00031 	0.00000 	0.00000 	0.00000 
835 	0.00000 	0.00000 	0.00000 	0.00000 	0.00050 	0.00000 	0.00000 	0.00000 
836 	0.00000 	0.00000 	0.00000 	0.00000 	0.00072 	0.00000 	0.00000 	0.00000 
837 	0.00000 	0.00000 	0.00000 	0.00000 	0.00099 	0.00000 	0.00000 	0.00000 
838 	0.00000 	0.00000 	0.00000 	0.00000 	0.00145 	0.00000 	0.00000 	0.00000 
839 	0.00000 	0.00000 	0.00000 	0.00000 	0.00211 	0.00000 	0.00000 	0.00000 
840 	0.00000 	0.00000 	0.00000 	0.00000 	0.00316 	0.00000 	0.00000 	0.00000 
841 	0.00000 	0.00000 	0.00000 	0.00000 	0.00474 	0.00000 	0.00000 	0.00000 
842 	0.00000 	0.00000 	0.00000 	0.00000 	0.00706 	0.00000 	0.00000 	0.00000 
843 	0.00000 	0.00000 	0.00000 	0.00000 	0.01090 	0.00000 	0.00000 	0.00000 
844 	0.00000 	0.00000 	0.00000 	0.00000 	0.01735 	0.00000 	0.00000 	0.00000 
845 	0.00000 	0.00000 	0.00000 	0.00000 	0.02833 	0.00000 	0.00000 	0.00000 
846 	0.00000 	0.00000 	0.00000 	0.00000 	0.04819 	0.00000 	0.00000 	0.00000 
847 	0.00000 	0.00000 	0.00000 	0.00000 	0.08436 	0.00000 	0.00000 	0.00000 
848 	0.00000 	0.00000 	0.00000 	0.00000 	0.14537 	0.00000 	0.00000 	0.00000 
849 	0.00000 	0.00000 	0.00000 	0.00000 	0.24973 	0.00000 	0.00000 	0.00000 
850 	0.00000 	0.00000 	0.00000 	0.00000 	0.40353 	0.00000 	0.00000 	0.00000 
851 	0.00000 	0.00000 	0.00000 	0.00000 	0.58262 	0.00000 	0.00000 	0.00000 
852 	0.00000 	0.00000 	0.00000 	0.00000 	0.74504 	0.00000 	0.00000 	0.00000 
853 	0.00000 	0.00000 	0.00000 	0.00000 	0.89032 	0.00000 	0.00000 	0.00000 
854 	0.00000 	0.00000 	0.00000 	0.00000 	0.96022 	0.00000 	0.00000 	0.00000 
855 	0.00000 	0.00000 	0.00000 	0.00000 	0.98683 	0.00000 	0.00000 	0.00000 
856 	0.00000 	0.00000 	0.00000 	0.00000 	0.97313 	0.00000 	0.00000 	0.00000 
857 	0.00000 	0.00000 	0.00000 	0.00000 	0.98061 	0.00000 	0.00000 	0.00000 
858 	0.00000 	0.00000 	0.00000 	0.00000 	0.99612 	0.00000 	0.00000 	0.00000 
859 	0.00000 	0.00000 	0.00000 	0.00000 	1.00000 	0.00000 	0.00000 	0.00000 
860 	0.00000 	0.00000 	0.00000 	0.00000 	0.98978 	0.00000 	0.00000 	0.00000 
861 	0.00000 	0.00000 	0.00000 	0.00000 	0.98073 	0.00000 	0.00000 	0.00000 
862 	0.00000 	0.00000 	0.00000 	0.00000 	0.97594 	0.00000 	0.00000 	0.00000 
863 	0.00000 	0.00000 	0.00000 	0.00000 	0.97204 	0.00000 	0.00000 	0.00000 
864 	0.00000 	0.00000 	0.00000 	0.00000 	0.95736 	0.00000 	0.00000 	0.00000 
865 	0.00000 	0.00000 	0.00000 	0.00000 	0.95121 	0.00000 	0.00000 	0.00000 
866 	0.00000 	0.00000 	0.00000 	0.00000 	0.94704 	0.00000 	0.00000 	0.00000 
867 	0.00000 	0.00000 	0.00000 	0.00000 	0.95316 	0.00000 	0.00000 	0.00000 
868 	0.00000 	0.00000 	0.00000 	0.00000 	0.95150 	0.00000 	0.00000 	0.00000 
869 	0.00000 	0.00000 	0.00000 	0.00000 	0.94845 	0.00000 	0.00000 	0.00000 
870 	0.00000 	0.00000 	0.00000 	0.00000 	0.94009 	0.00000 	0.00000 	0.00000 
871 	0.00000 	0.00000 	0.00000 	0.00000 	0.95063 	0.00000 	0.00000 	0.00000 
872 	0.00000 	0.00000 	0.00000 	0.00000 	0.95608 	0.00000 	0.00000 	0.00000 
873 	0.00000 	0.00000 	0.00000 	0.00000 	0.96646 	0.00000 	0.00000 	0.00000 
874 	0.00000 	0.00000 	0.00000 	0.00000 	0.96982 	0.00000 	0.00000 	0.00000 
875 	0.00000 	0.00000 	0.00000 	0.00000 	0.93661 	0.00000 	0.00000 	0.00000 
876 	0.00000 	0.00000 	0.00000 	0.00000 	0.89107 	0.00000 	0.00000 	0.00000 
877 	0.00000 	0.00000 	0.00000 	0.00000 	0.78873 	0.00000 	0.00000 	0.00000 
878 	0.00000 	0.00000 	0.00000 	0.00000 	0.63532 	0.00000 	0.00000 	0.00000 
879 	0.00000 	0.00000 	0.00000 	0.00000 	0.44836 	0.00000 	0.00000 	0.00000 
880 	0.00000 	0.00000 	0.00000 	0.00000 	0.28885 	0.00000 	0.00000 	0.00000 
881 	0.00000 	0.00000 	0.00000 	0.00000 	0.17462 	0.00000 	0.00000 	0.00000 
882 	0.00000 	0.00000 	0.00000 	0.00000 	0.10034 	0.00000 	0.00000 	0.00000 
883 	0.00000 	0.00000 	0.00000 	0.00000 	0.05827 	0.00000 	0.00000 	0.00000 
884 	0.00000 	0.00000 	0.00000 	0.00000 	0.03453 	0.00000 	0.00000 	0.00000 
885 	0.00000 	0.00000 	0.00000 	0.00000 	0.02072 	0.00000 	0.00000 	0.00000 
886 	0.00000 	0.00000 	0.00000 	0.00000 	0.01244 	0.00000 	0.00000 	0.00000 
887 	0.00000 	0.00000 	0.00000 	0.00000 	0.00760 	0.00000 	0.00000 	0.00000 
888 	0.00000 	0.00000 	0.00000 	0.00000 	0.00470 	0.00000 	0.00000 	0.00000 
889 	0.00000 	0.00000 	0.00000 	0.00000 	0.00294 	0.00000 	0.00000 	0.00000 
890 	0.00000 	0.00000 	0.00000 	0.00000 	0.00187 	0.00000 	0.00000 	0.00000 
891 	0.00000 	0.00000 	0.00000 	0.00000 	0.00119 	0.00000 	0.00000 	0.00000 
892 	0.00000 	0.00000 	0.00000 	0.00000 	0.00074 	0.00000 	0.00000 	0.00000 
893 	0.00000 	0.00000 	0.00000 	0.00000 	0.00042 	0.00000 	0.00000 	0.00000 
894 	0.00000 	0.00000 	0.00000 	0.00000 	0.00024 	0.00000 	0.00000 	0.00000 
895 	0.00000 	0.00000 	0.00000 	0.00000 	0.00012 	0.00000 	0.00000 	0.00000 
896 	0.00000 	0.00000 	0.00000 	0.00000 	0.00004 	0.00000 	0.00000 	0.00000 
897 	0.00000 	0.00000 	0.00000 	0.00000 	-0.00001 	0.00000 	0.00000 	0.00000 
898 	0.00000 	0.00000 	0.00000 	0.00000 	-0.00005 	0.00000 	0.00000 	0.00000 
899 	0.00000 	0.00000 	0.00000 	0.00000 	-0.00008 	0.00000 	0.00000 	0.00000 
900 	0.00000 	0.00000 	0.00000 	0.00000 	-0.00010 	0.00000 	0.00000 	0.00000 
1340 	0.00000 	0.00000 	0.00000 	0.00000 	0.00000 	0.00000 	0.00000 	0.00000 
1341 	0.00000 	0.00000 	0.00000 	0.00000 	0.00000 	0.00009 	0.00000 	0.00000 
1342 	0.00000 	0.00000 	0.00000 	0.00000 	0.00000 	0.00019 	0.00000 	0.00000 
1343 	0.00000 	0.00000 	0.00000 	0.00000 	0.00000 	0.00032 	0.00000 	0.00000 
1344 	0.00000 	0.00000 	0.00000 	0.00000 	0.00000 	0.00047 	0.00000 	0.00000 
1345 	0.00000 	0.00000 	0.00000 	0.00000 	0.00000 	0.00065 	0.00000 	0.00000 
1346 	0.00000 	0.00000 	0.00000 	0.00000 	0.00000 	0.00086 	0.00000 	0.00000 
1347 	0.00000 	0.00000 	0.00000 	0.00000 	0.00000 	0.00112 	0.00000 	0.00000 
1348 	0.00000 	0.00000 	0.00000 	0.00000 	0.00000 	0.00143 	0.00000 	0.00000 
1349 	0.00000 	0.00000 	0.00000 	0.00000 	0.00000 	0.00183 	0.00000 	0.00000 
1350 	0.00000 	0.00000 	0.00000 	0.00000 	0.00000 	0.00232 	0.00000 	0.00000 
1351 	0.00000 	0.00000 	0.00000 	0.00000 	0.00000 	0.00303 	0.00000 	0.00000 
1352 	0.00000 	0.00000 	0.00000 	0.00000 	0.00000 	0.00401 	0.00000 	0.00000 
1353 	0.00000 	0.00000 	0.00000 	0.00000 	0.00000 	0.00540 	0.00000 	0.00000 
1354 	0.00000 	0.00000 	0.00000 	0.00000 	0.00000 	0.00719 	0.00000 	0.00000 
1355 	0.00000 	0.00000 	0.00000 	0.00000 	0.00000 	0.01112 	0.00000 	0.00000 
1356 	0.00000 	0.00000 	0.00000 	0.00000 	0.00000 	0.01699 	0.00000 	0.00000 
1357 	0.00000 	0.00000 	0.00000 	0.00000 	0.00000 	0.02632 	0.00000 	0.00000 
1358 	0.00000 	0.00000 	0.00000 	0.00000 	0.00000 	0.04276 	0.00000 	0.00000 
1359 	0.00000 	0.00000 	0.00000 	0.00000 	0.00000 	0.06922 	0.00000 	0.00000 
1360 	0.00000 	0.00000 	0.00000 	0.00000 	0.00000 	0.11535 	0.00000 	0.00000 
1361 	0.00000 	0.00000 	0.00000 	0.00000 	0.00000 	0.18283 	0.00000 	0.00000 
1362 	0.00000 	0.00000 	0.00000 	0.00000 	0.00000 	0.31633 	0.00000 	0.00000 
1363 	0.00000 	0.00000 	0.00000 	0.00000 	0.00000 	0.45703 	0.00000 	0.00000 
1364 	0.00000 	0.00000 	0.00000 	0.00000 	0.00000 	0.59685 	0.00000 	0.00000 
1365 	0.00000 	0.00000 	0.00000 	0.00000 	0.00000 	0.77212 	0.00000 	0.00000 
1366 	0.00000 	0.00000 	0.00000 	0.00000 	0.00000 	0.86239 	0.00000 	0.00000 
1367 	0.00000 	0.00000 	0.00000 	0.00000 	0.00000 	0.87158 	0.00000 	0.00000 
1368 	0.00000 	0.00000 	0.00000 	0.00000 	0.00000 	0.93031 	0.00000 	0.00000 
1369 	0.00000 	0.00000 	0.00000 	0.00000 	0.00000 	0.96266 	0.00000 	0.00000 
1370 	0.00000 	0.00000 	0.00000 	0.00000 	0.00000 	0.93125 	0.00000 	0.00000 
1371 	0.00000 	0.00000 	0.00000 	0.00000 	0.00000 	0.93868 	0.00000 	0.00000 
1372 	0.00000 	0.00000 	0.00000 	0.00000 	0.00000 	0.98375 	0.00000 	0.00000 
1373 	0.00000 	0.00000 	0.00000 	0.00000 	0.00000 	0.99963 	0.00000 	0.00000 
1374 	0.00000 	0.00000 	0.00000 	0.00000 	0.00000 	0.98697 	0.00000 	0.00000 
1375 	0.00000 	0.00000 	0.00000 	0.00000 	0.00000 	1.00000 	0.00000 	0.00000 
1376 	0.00000 	0.00000 	0.00000 	0.00000 	0.00000 	0.98324 	0.00000 	0.00000 
1377 	0.00000 	0.00000 	0.00000 	0.00000 	0.00000 	0.99058 	0.00000 	0.00000 
1378 	0.00000 	0.00000 	0.00000 	0.00000 	0.00000 	0.96358 	0.00000 	0.00000 
1379 	0.00000 	0.00000 	0.00000 	0.00000 	0.00000 	0.96405 	0.00000 	0.00000 
1380 	0.00000 	0.00000 	0.00000 	0.00000 	0.00000 	0.87134 	0.00000 	0.00000 
1381 	0.00000 	0.00000 	0.00000 	0.00000 	0.00000 	0.87269 	0.00000 	0.00000 
1382 	0.00000 	0.00000 	0.00000 	0.00000 	0.00000 	0.70320 	0.00000 	0.00000 
1383 	0.00000 	0.00000 	0.00000 	0.00000 	0.00000 	0.60658 	0.00000 	0.00000 
1384 	0.00000 	0.00000 	0.00000 	0.00000 	0.00000 	0.45243 	0.00000 	0.00000 
1385 	0.00000 	0.00000 	0.00000 	0.00000 	0.00000 	0.29792 	0.00000 	0.00000 
1386 	0.00000 	0.00000 	0.00000 	0.00000 	0.00000 	0.19098 	0.00000 	0.00000 
1387 	0.00000 	0.00000 	0.00000 	0.00000 	0.00000 	0.11306 	0.00000 	0.00000 
1388 	0.00000 	0.00000 	0.00000 	0.00000 	0.00000 	0.06617 	0.00000 	0.00000 
1389 	0.00000 	0.00000 	0.00000 	0.00000 	0.00000 	0.04151 	0.00000 	0.00000 
1390 	0.00000 	0.00000 	0.00000 	0.00000 	0.00000 	0.02608 	0.00000 	0.00000 
1391 	0.00000 	0.00000 	0.00000 	0.00000 	0.00000 	0.01622 	0.00000 	0.00000 
1392 	0.00000 	0.00000 	0.00000 	0.00000 	0.00000 	0.00977 	0.00000 	0.00000 
1393 	0.00000 	0.00000 	0.00000 	0.00000 	0.00000 	0.00684 	0.00000 	0.00000 
1394 	0.00000 	0.00000 	0.00000 	0.00000 	0.00000 	0.00436 	0.00000 	0.00000 
1395 	0.00000 	0.00000 	0.00000 	0.00000 	0.00000 	0.00278 	0.00000 	0.00000 
1396 	0.00000 	0.00000 	0.00000 	0.00000 	0.00000 	0.00181 	0.00000 	0.00000 
1397 	0.00000 	0.00000 	0.00000 	0.00000 	0.00000 	0.00135 	0.00000 	0.00000 
1398 	0.00000 	0.00000 	0.00000 	0.00000 	0.00000 	0.00089 	0.00000 	0.00000 
1399 	0.00000 	0.00000 	0.00000 	0.00000 	0.00000 	0.00048 	0.00000 	0.00000 
1400 	0.00000 	0.00000 	0.00000 	0.00000 	0.00000 	0.00022 	0.00000 	0.00000 
1401 	0.00000 	0.00000 	0.00000 	0.00000 	0.00000 	0.00011 	0.00000 	0.00000 
1402 	0.00000 	0.00000 	0.00000 	0.00000 	0.00000 	0.00003 	0.00000 	0.00000 
1403 	0.00000 	0.00000 	0.00000 	0.00000 	0.00000 	-0.00007 	0.00000 	0.00000 
1404 	0.00000 	0.00000 	0.00000 	0.00000 	0.00000 	-0.00018 	0.00000 	0.00000 
1405 	0.00000 	0.00000 	0.00000 	0.00000 	0.00000 	-0.00018 	0.00000 	0.00000 
1406 	0.00000 	0.00000 	0.00000 	0.00000 	0.00000 	-0.00024 	0.00000 	0.00000 
1407 	0.00000 	0.00000 	0.00000 	0.00000 	0.00000 	-0.00027 	0.00000 	0.00000 
1408 	0.00000 	0.00000 	0.00000 	0.00000 	0.00000 	-0.00030 	0.00000 	0.00000 
1409 	0.00000 	0.00000 	0.00000 	0.00000 	0.00000 	-0.00031 	0.00000 	0.00000 
1515 	0.00000 	0.00000 	0.00000 	0.00000 	0.00000 	0.00000 	-0.00002 	0.00000 
1516 	0.00000 	0.00000 	0.00000 	0.00000 	0.00000 	0.00000 	0.00007 	0.00000 
1517 	0.00000 	0.00000 	0.00000 	0.00000 	0.00000 	0.00000 	0.00015 	0.00000 
1518 	0.00000 	0.00000 	0.00000 	0.00000 	0.00000 	0.00000 	0.00025 	0.00000 
1519 	0.00000 	0.00000 	0.00000 	0.00000 	0.00000 	0.00000 	0.00035 	0.00000 
1520 	0.00000 	0.00000 	0.00000 	0.00000 	0.00000 	0.00000 	0.00047 	0.00000 
1521 	0.00000 	0.00000 	0.00000 	0.00000 	0.00000 	0.00000 	0.00059 	0.00000 
1522 	0.00000 	0.00000 	0.00000 	0.00000 	0.00000 	0.00000 	0.00076 	0.00000 
1523 	0.00000 	0.00000 	0.00000 	0.00000 	0.00000 	0.00000 	0.00093 	0.00000 
1524 	0.00000 	0.00000 	0.00000 	0.00000 	0.00000 	0.00000 	0.00115 	0.00000 
1525 	0.00000 	0.00000 	0.00000 	0.00000 	0.00000 	0.00000 	0.00137 	0.00000 
1526 	0.00000 	0.00000 	0.00000 	0.00000 	0.00000 	0.00000 	0.00161 	0.00000 
1527 	0.00000 	0.00000 	0.00000 	0.00000 	0.00000 	0.00000 	0.00186 	0.00000 
1528 	0.00000 	0.00000 	0.00000 	0.00000 	0.00000 	0.00000 	0.00217 	0.00000 
1529 	0.00000 	0.00000 	0.00000 	0.00000 	0.00000 	0.00000 	0.00249 	0.00000 
1530 	0.00000 	0.00000 	0.00000 	0.00000 	0.00000 	0.00000 	0.00288 	0.00000 
1531 	0.00000 	0.00000 	0.00000 	0.00000 	0.00000 	0.00000 	0.00328 	0.00000 
1532 	0.00000 	0.00000 	0.00000 	0.00000 	0.00000 	0.00000 	0.00377 	0.00000 
1533 	0.00000 	0.00000 	0.00000 	0.00000 	0.00000 	0.00000 	0.00427 	0.00000 
1534 	0.00000 	0.00000 	0.00000 	0.00000 	0.00000 	0.00000 	0.00490 	0.00000 
1535 	0.00000 	0.00000 	0.00000 	0.00000 	0.00000 	0.00000 	0.00553 	0.00000 
1536 	0.00000 	0.00000 	0.00000 	0.00000 	0.00000 	0.00000 	0.00642 	0.00000 
1537 	0.00000 	0.00000 	0.00000 	0.00000 	0.00000 	0.00000 	0.00732 	0.00000 
1538 	0.00000 	0.00000 	0.00000 	0.00000 	0.00000 	0.00000 	0.00846 	0.00000 
1539 	0.00000 	0.00000 	0.00000 	0.00000 	0.00000 	0.00000 	0.00961 	0.00000 
1540 	0.00000 	0.00000 	0.00000 	0.00000 	0.00000 	0.00000 	0.01099 	0.00000 
1541 	0.00000 	0.00000 	0.00000 	0.00000 	0.00000 	0.00000 	0.01237 	0.00000 
1542 	0.00000 	0.00000 	0.00000 	0.00000 	0.00000 	0.00000 	0.01430 	0.00000 
1543 	0.00000 	0.00000 	0.00000 	0.00000 	0.00000 	0.00000 	0.01625 	0.00000 
1544 	0.00000 	0.00000 	0.00000 	0.00000 	0.00000 	0.00000 	0.01903 	0.00000 
1545 	0.00000 	0.00000 	0.00000 	0.00000 	0.00000 	0.00000 	0.02183 	0.00000 
1546 	0.00000 	0.00000 	0.00000 	0.00000 	0.00000 	0.00000 	0.02589 	0.00000 
1547 	0.00000 	0.00000 	0.00000 	0.00000 	0.00000 	0.00000 	0.02995 	0.00000 
1548 	0.00000 	0.00000 	0.00000 	0.00000 	0.00000 	0.00000 	0.03517 	0.00000 
1549 	0.00000 	0.00000 	0.00000 	0.00000 	0.00000 	0.00000 	0.04043 	0.00000 
1550 	0.00000 	0.00000 	0.00000 	0.00000 	0.00000 	0.00000 	0.04786 	0.00000 
1551 	0.00000 	0.00000 	0.00000 	0.00000 	0.00000 	0.00000 	0.05535 	0.00000 
1552 	0.00000 	0.00000 	0.00000 	0.00000 	0.00000 	0.00000 	0.06573 	0.00000 
1553 	0.00000 	0.00000 	0.00000 	0.00000 	0.00000 	0.00000 	0.07617 	0.00000 
1554 	0.00000 	0.00000 	0.00000 	0.00000 	0.00000 	0.00000 	0.08902 	0.00000 
1555 	0.00000 	0.00000 	0.00000 	0.00000 	0.00000 	0.00000 	0.10189 	0.00000 
1556 	0.00000 	0.00000 	0.00000 	0.00000 	0.00000 	0.00000 	0.12015 	0.00000 
1557 	0.00000 	0.00000 	0.00000 	0.00000 	0.00000 	0.00000 	0.13864 	0.00000 
1558 	0.00000 	0.00000 	0.00000 	0.00000 	0.00000 	0.00000 	0.16313 	0.00000 
1559 	0.00000 	0.00000 	0.00000 	0.00000 	0.00000 	0.00000 	0.18780 	0.00000 
1560 	0.00000 	0.00000 	0.00000 	0.00000 	0.00000 	0.00000 	0.22026 	0.00000 
1561 	0.00000 	0.00000 	0.00000 	0.00000 	0.00000 	0.00000 	0.25289 	0.00000 
1562 	0.00000 	0.00000 	0.00000 	0.00000 	0.00000 	0.00000 	0.29136 	0.00000 
1563 	0.00000 	0.00000 	0.00000 	0.00000 	0.00000 	0.00000 	0.32994 	0.00000 
1564 	0.00000 	0.00000 	0.00000 	0.00000 	0.00000 	0.00000 	0.37565 	0.00000 
1565 	0.00000 	0.00000 	0.00000 	0.00000 	0.00000 	0.00000 	0.42147 	0.00000 
1566 	0.00000 	0.00000 	0.00000 	0.00000 	0.00000 	0.00000 	0.47356 	0.00000 
1567 	0.00000 	0.00000 	0.00000 	0.00000 	0.00000 	0.00000 	0.52568 	0.00000 
1568 	0.00000 	0.00000 	0.00000 	0.00000 	0.00000 	0.00000 	0.57879 	0.00000 
1569 	0.00000 	0.00000 	0.00000 	0.00000 	0.00000 	0.00000 	0.63165 	0.00000 
1570 	0.00000 	0.00000 	0.00000 	0.00000 	0.00000 	0.00000 	0.67668 	0.00000 
1571 	0.00000 	0.00000 	0.00000 	0.00000 	0.00000 	0.00000 	0.72128 	0.00000 
1572 	0.00000 	0.00000 	0.00000 	0.00000 	0.00000 	0.00000 	0.75477 	0.00000 
1573 	0.00000 	0.00000 	0.00000 	0.00000 	0.00000 	0.00000 	0.78825 	0.00000 
1574 	0.00000 	0.00000 	0.00000 	0.00000 	0.00000 	0.00000 	0.82116 	0.00000 
1575 	0.00000 	0.00000 	0.00000 	0.00000 	0.00000 	0.00000 	0.85407 	0.00000 
1576 	0.00000 	0.00000 	0.00000 	0.00000 	0.00000 	0.00000 	0.87337 	0.00000 
1577 	0.00000 	0.00000 	0.00000 	0.00000 	0.00000 	0.00000 	0.89183 	0.00000 
1578 	0.00000 	0.00000 	0.00000 	0.00000 	0.00000 	0.00000 	0.89982 	0.00000 
1579 	0.00000 	0.00000 	0.00000 	0.00000 	0.00000 	0.00000 	0.90725 	0.00000 
1580 	0.00000 	0.00000 	0.00000 	0.00000 	0.00000 	0.00000 	0.91301 	0.00000 
1581 	0.00000 	0.00000 	0.00000 	0.00000 	0.00000 	0.00000 	0.91869 	0.00000 
1582 	0.00000 	0.00000 	0.00000 	0.00000 	0.00000 	0.00000 	0.92295 	0.00000 
1583 	0.00000 	0.00000 	0.00000 	0.00000 	0.00000 	0.00000 	0.92716 	0.00000 
1584 	0.00000 	0.00000 	0.00000 	0.00000 	0.00000 	0.00000 	0.92686 	0.00000 
1585 	0.00000 	0.00000 	0.00000 	0.00000 	0.00000 	0.00000 	0.92641 	0.00000 
1586 	0.00000 	0.00000 	0.00000 	0.00000 	0.00000 	0.00000 	0.92506 	0.00000 
1587 	0.00000 	0.00000 	0.00000 	0.00000 	0.00000 	0.00000 	0.92368 	0.00000 
1588 	0.00000 	0.00000 	0.00000 	0.00000 	0.00000 	0.00000 	0.92395 	0.00000 
1589 	0.00000 	0.00000 	0.00000 	0.00000 	0.00000 	0.00000 	0.92426 	0.00000 
1590 	0.00000 	0.00000 	0.00000 	0.00000 	0.00000 	0.00000 	0.92283 	0.00000 
1591 	0.00000 	0.00000 	0.00000 	0.00000 	0.00000 	0.00000 	0.92138 	0.00000 
1592 	0.00000 	0.00000 	0.00000 	0.00000 	0.00000 	0.00000 	0.92206 	0.00000 
1593 	0.00000 	0.00000 	0.00000 	0.00000 	0.00000 	0.00000 	0.92276 	0.00000 
1594 	0.00000 	0.00000 	0.00000 	0.00000 	0.00000 	0.00000 	0.92465 	0.00000 
1595 	0.00000 	0.00000 	0.00000 	0.00000 	0.00000 	0.00000 	0.92661 	0.00000 
1596 	0.00000 	0.00000 	0.00000 	0.00000 	0.00000 	0.00000 	0.93455 	0.00000 
1597 	0.00000 	0.00000 	0.00000 	0.00000 	0.00000 	0.00000 	0.94253 	0.00000 
1598 	0.00000 	0.00000 	0.00000 	0.00000 	0.00000 	0.00000 	0.94435 	0.00000 
1599 	0.00000 	0.00000 	0.00000 	0.00000 	0.00000 	0.00000 	0.94587 	0.00000 
1600 	0.00000 	0.00000 	0.00000 	0.00000 	0.00000 	0.00000 	0.94618 	0.00000 
1601 	0.00000 	0.00000 	0.00000 	0.00000 	0.00000 	0.00000 	0.94643 	0.00000 
1602 	0.00000 	0.00000 	0.00000 	0.00000 	0.00000 	0.00000 	0.94701 	0.00000 
1603 	0.00000 	0.00000 	0.00000 	0.00000 	0.00000 	0.00000 	0.94759 	0.00000 
1604 	0.00000 	0.00000 	0.00000 	0.00000 	0.00000 	0.00000 	0.95019 	0.00000 
1605 	0.00000 	0.00000 	0.00000 	0.00000 	0.00000 	0.00000 	0.95286 	0.00000 
1606 	0.00000 	0.00000 	0.00000 	0.00000 	0.00000 	0.00000 	0.95130 	0.00000 
1607 	0.00000 	0.00000 	0.00000 	0.00000 	0.00000 	0.00000 	0.94967 	0.00000 
1608 	0.00000 	0.00000 	0.00000 	0.00000 	0.00000 	0.00000 	0.95305 	0.00000 
1609 	0.00000 	0.00000 	0.00000 	0.00000 	0.00000 	0.00000 	0.95649 	0.00000 
1610 	0.00000 	0.00000 	0.00000 	0.00000 	0.00000 	0.00000 	0.95905 	0.00000 
1611 	0.00000 	0.00000 	0.00000 	0.00000 	0.00000 	0.00000 	0.96155 	0.00000 
1612 	0.00000 	0.00000 	0.00000 	0.00000 	0.00000 	0.00000 	0.96005 	0.00000 
1613 	0.00000 	0.00000 	0.00000 	0.00000 	0.00000 	0.00000 	0.95834 	0.00000 
1614 	0.00000 	0.00000 	0.00000 	0.00000 	0.00000 	0.00000 	0.95984 	0.00000 
1615 	0.00000 	0.00000 	0.00000 	0.00000 	0.00000 	0.00000 	0.96147 	0.00000 
1616 	0.00000 	0.00000 	0.00000 	0.00000 	0.00000 	0.00000 	0.96086 	0.00000 
1617 	0.00000 	0.00000 	0.00000 	0.00000 	0.00000 	0.00000 	0.96018 	0.00000 
1618 	0.00000 	0.00000 	0.00000 	0.00000 	0.00000 	0.00000 	0.96081 	0.00000 
1619 	0.00000 	0.00000 	0.00000 	0.00000 	0.00000 	0.00000 	0.96149 	0.00000 
1620 	0.00000 	0.00000 	0.00000 	0.00000 	0.00000 	0.00000 	0.96470 	0.00000 
1621 	0.00000 	0.00000 	0.00000 	0.00000 	0.00000 	0.00000 	0.96794 	0.00000 
1622 	0.00000 	0.00000 	0.00000 	0.00000 	0.00000 	0.00000 	0.96931 	0.00000 
1623 	0.00000 	0.00000 	0.00000 	0.00000 	0.00000 	0.00000 	0.97059 	0.00000 
1624 	0.00000 	0.00000 	0.00000 	0.00000 	0.00000 	0.00000 	0.97371 	0.00000 
1625 	0.00000 	0.00000 	0.00000 	0.00000 	0.00000 	0.00000 	0.97691 	0.00000 
1626 	0.00000 	0.00000 	0.00000 	0.00000 	0.00000 	0.00000 	0.97910 	0.00000 
1627 	0.00000 	0.00000 	0.00000 	0.00000 	0.00000 	0.00000 	0.98126 	0.00000 
1628 	0.00000 	0.00000 	0.00000 	0.00000 	0.00000 	0.00000 	0.98129 	0.00000 
1629 	0.00000 	0.00000 	0.00000 	0.00000 	0.00000 	0.00000 	0.98137 	0.00000 
1630 	0.00000 	0.00000 	0.00000 	0.00000 	0.00000 	0.00000 	0.98861 	0.00000 
1631 	0.00000 	0.00000 	0.00000 	0.00000 	0.00000 	0.00000 	0.99587 	0.00000 
1632 	0.00000 	0.00000 	0.00000 	0.00000 	0.00000 	0.00000 	0.99802 	0.00000 
1633 	0.00000 	0.00000 	0.00000 	0.00000 	0.00000 	0.00000 	1.00000 	0.00000 
1634 	0.00000 	0.00000 	0.00000 	0.00000 	0.00000 	0.00000 	0.99985 	0.00000 
1635 	0.00000 	0.00000 	0.00000 	0.00000 	0.00000 	0.00000 	0.99964 	0.00000 
1636 	0.00000 	0.00000 	0.00000 	0.00000 	0.00000 	0.00000 	0.99659 	0.00000 
1637 	0.00000 	0.00000 	0.00000 	0.00000 	0.00000 	0.00000 	0.99344 	0.00000 
1638 	0.00000 	0.00000 	0.00000 	0.00000 	0.00000 	0.00000 	0.98622 	0.00000 
1639 	0.00000 	0.00000 	0.00000 	0.00000 	0.00000 	0.00000 	0.97899 	0.00000 
1640 	0.00000 	0.00000 	0.00000 	0.00000 	0.00000 	0.00000 	0.96713 	0.00000 
1641 	0.00000 	0.00000 	0.00000 	0.00000 	0.00000 	0.00000 	0.95512 	0.00000 
1642 	0.00000 	0.00000 	0.00000 	0.00000 	0.00000 	0.00000 	0.93620 	0.00000 
1643 	0.00000 	0.00000 	0.00000 	0.00000 	0.00000 	0.00000 	0.91724 	0.00000 
1644 	0.00000 	0.00000 	0.00000 	0.00000 	0.00000 	0.00000 	0.87942 	0.00000 
1645 	0.00000 	0.00000 	0.00000 	0.00000 	0.00000 	0.00000 	0.84097 	0.00000 
1646 	0.00000 	0.00000 	0.00000 	0.00000 	0.00000 	0.00000 	0.79655 	0.00000 
1647 	0.00000 	0.00000 	0.00000 	0.00000 	0.00000 	0.00000 	0.75189 	0.00000 
1648 	0.00000 	0.00000 	0.00000 	0.00000 	0.00000 	0.00000 	0.69431 	0.00000 
1649 	0.00000 	0.00000 	0.00000 	0.00000 	0.00000 	0.00000 	0.63654 	0.00000 
1650 	0.00000 	0.00000 	0.00000 	0.00000 	0.00000 	0.00000 	0.57323 	0.00000 
1651 	0.00000 	0.00000 	0.00000 	0.00000 	0.00000 	0.00000 	0.50995 	0.00000 
1652 	0.00000 	0.00000 	0.00000 	0.00000 	0.00000 	0.00000 	0.45197 	0.00000 
1653 	0.00000 	0.00000 	0.00000 	0.00000 	0.00000 	0.00000 	0.39403 	0.00000 
1654 	0.00000 	0.00000 	0.00000 	0.00000 	0.00000 	0.00000 	0.34275 	0.00000 
1655 	0.00000 	0.00000 	0.00000 	0.00000 	0.00000 	0.00000 	0.29175 	0.00000 
1656 	0.00000 	0.00000 	0.00000 	0.00000 	0.00000 	0.00000 	0.25131 	0.00000 
1657 	0.00000 	0.00000 	0.00000 	0.00000 	0.00000 	0.00000 	0.21115 	0.00000 
1658 	0.00000 	0.00000 	0.00000 	0.00000 	0.00000 	0.00000 	0.18082 	0.00000 
1659 	0.00000 	0.00000 	0.00000 	0.00000 	0.00000 	0.00000 	0.15054 	0.00000 
1660 	0.00000 	0.00000 	0.00000 	0.00000 	0.00000 	0.00000 	0.12846 	0.00000 
1661 	0.00000 	0.00000 	0.00000 	0.00000 	0.00000 	0.00000 	0.10666 	0.00000 
1662 	0.00000 	0.00000 	0.00000 	0.00000 	0.00000 	0.00000 	0.09074 	0.00000 
1663 	0.00000 	0.00000 	0.00000 	0.00000 	0.00000 	0.00000 	0.07494 	0.00000 
1664 	0.00000 	0.00000 	0.00000 	0.00000 	0.00000 	0.00000 	0.06379 	0.00000 
1665 	0.00000 	0.00000 	0.00000 	0.00000 	0.00000 	0.00000 	0.05275 	0.00000 
1666 	0.00000 	0.00000 	0.00000 	0.00000 	0.00000 	0.00000 	0.04503 	0.00000 
1667 	0.00000 	0.00000 	0.00000 	0.00000 	0.00000 	0.00000 	0.03731 	0.00000 
1668 	0.00000 	0.00000 	0.00000 	0.00000 	0.00000 	0.00000 	0.03182 	0.00000 
1669 	0.00000 	0.00000 	0.00000 	0.00000 	0.00000 	0.00000 	0.02635 	0.00000 
1670 	0.00000 	0.00000 	0.00000 	0.00000 	0.00000 	0.00000 	0.02250 	0.00000 
1671 	0.00000 	0.00000 	0.00000 	0.00000 	0.00000 	0.00000 	0.01872 	0.00000 
1672 	0.00000 	0.00000 	0.00000 	0.00000 	0.00000 	0.00000 	0.01605 	0.00000 
1673 	0.00000 	0.00000 	0.00000 	0.00000 	0.00000 	0.00000 	0.01339 	0.00000 
1674 	0.00000 	0.00000 	0.00000 	0.00000 	0.00000 	0.00000 	0.01148 	0.00000 
1675 	0.00000 	0.00000 	0.00000 	0.00000 	0.00000 	0.00000 	0.00959 	0.00000 
1676 	0.00000 	0.00000 	0.00000 	0.00000 	0.00000 	0.00000 	0.00823 	0.00000 
1677 	0.00000 	0.00000 	0.00000 	0.00000 	0.00000 	0.00000 	0.00688 	0.00000 
1678 	0.00000 	0.00000 	0.00000 	0.00000 	0.00000 	0.00000 	0.00591 	0.00000 
1679 	0.00000 	0.00000 	0.00000 	0.00000 	0.00000 	0.00000 	0.00494 	0.00000 
1680 	0.00000 	0.00000 	0.00000 	0.00000 	0.00000 	0.00000 	0.00426 	0.00000 
1681 	0.00000 	0.00000 	0.00000 	0.00000 	0.00000 	0.00000 	0.00358 	0.00000 
1682 	0.00000 	0.00000 	0.00000 	0.00000 	0.00000 	0.00000 	0.00306 	0.00000 
1683 	0.00000 	0.00000 	0.00000 	0.00000 	0.00000 	0.00000 	0.00254 	0.00000 
1684 	0.00000 	0.00000 	0.00000 	0.00000 	0.00000 	0.00000 	0.00216 	0.00000 
1685 	0.00000 	0.00000 	0.00000 	0.00000 	0.00000 	0.00000 	0.00178 	0.00000 
1686 	0.00000 	0.00000 	0.00000 	0.00000 	0.00000 	0.00000 	0.00151 	0.00000 
1687 	0.00000 	0.00000 	0.00000 	0.00000 	0.00000 	0.00000 	0.00124 	0.00000 
1688 	0.00000 	0.00000 	0.00000 	0.00000 	0.00000 	0.00000 	0.00104 	0.00000 
1689 	0.00000 	0.00000 	0.00000 	0.00000 	0.00000 	0.00000 	0.00084 	0.00000 
1690 	0.00000 	0.00000 	0.00000 	0.00000 	0.00000 	0.00000 	0.00068 	0.00000 
1691 	0.00000 	0.00000 	0.00000 	0.00000 	0.00000 	0.00000 	0.00052 	0.00000 
1692 	0.00000 	0.00000 	0.00000 	0.00000 	0.00000 	0.00000 	0.00041 	0.00000 
1693 	0.00000 	0.00000 	0.00000 	0.00000 	0.00000 	0.00000 	0.00030 	0.00000 
1694 	0.00000 	0.00000 	0.00000 	0.00000 	0.00000 	0.00000 	0.00021 	0.00000 
1695 	0.00000 	0.00000 	0.00000 	0.00000 	0.00000 	0.00000 	0.00011 	0.00000 
1696 	0.00000 	0.00000 	0.00000 	0.00000 	0.00000 	0.00000 	0.00004 	0.00000 
1697 	0.00000 	0.00000 	0.00000 	0.00000 	0.00000 	0.00000 	-0.00003 	0.00000 
2037 	0.00000 	0.00000 	0.00000 	0.00000 	0.00000 	0.00000 	0.00000 	-0.00001 
2038 	0.00000 	0.00000 	0.00000 	0.00000 	0.00000 	0.00000 	0.00000 	0.00004 
2039 	0.00000 	0.00000 	0.00000 	0.00000 	0.00000 	0.00000 	0.00000 	0.00008 
2040 	0.00000 	0.00000 	0.00000 	0.00000 	0.00000 	0.00000 	0.00000 	0.00013 
2041 	0.00000 	0.00000 	0.00000 	0.00000 	0.00000 	0.00000 	0.00000 	0.00018 
2042 	0.00000 	0.00000 	0.00000 	0.00000 	0.00000 	0.00000 	0.00000 	0.00024 
2043 	0.00000 	0.00000 	0.00000 	0.00000 	0.00000 	0.00000 	0.00000 	0.00031 
2044 	0.00000 	0.00000 	0.00000 	0.00000 	0.00000 	0.00000 	0.00000 	0.00037 
2045 	0.00000 	0.00000 	0.00000 	0.00000 	0.00000 	0.00000 	0.00000 	0.00043 
2046 	0.00000 	0.00000 	0.00000 	0.00000 	0.00000 	0.00000 	0.00000 	0.00051 
2047 	0.00000 	0.00000 	0.00000 	0.00000 	0.00000 	0.00000 	0.00000 	0.00060 
2048 	0.00000 	0.00000 	0.00000 	0.00000 	0.00000 	0.00000 	0.00000 	0.00070 
2049 	0.00000 	0.00000 	0.00000 	0.00000 	0.00000 	0.00000 	0.00000 	0.00081 
2050 	0.00000 	0.00000 	0.00000 	0.00000 	0.00000 	0.00000 	0.00000 	0.00095 
2051 	0.00000 	0.00000 	0.00000 	0.00000 	0.00000 	0.00000 	0.00000 	0.00109 
2052 	0.00000 	0.00000 	0.00000 	0.00000 	0.00000 	0.00000 	0.00000 	0.00122 
2053 	0.00000 	0.00000 	0.00000 	0.00000 	0.00000 	0.00000 	0.00000 	0.00136 
2054 	0.00000 	0.00000 	0.00000 	0.00000 	0.00000 	0.00000 	0.00000 	0.00155 
2055 	0.00000 	0.00000 	0.00000 	0.00000 	0.00000 	0.00000 	0.00000 	0.00175 
2056 	0.00000 	0.00000 	0.00000 	0.00000 	0.00000 	0.00000 	0.00000 	0.00196 
2057 	0.00000 	0.00000 	0.00000 	0.00000 	0.00000 	0.00000 	0.00000 	0.00219 
2058 	0.00000 	0.00000 	0.00000 	0.00000 	0.00000 	0.00000 	0.00000 	0.00244 
2059 	0.00000 	0.00000 	0.00000 	0.00000 	0.00000 	0.00000 	0.00000 	0.00270 
2060 	0.00000 	0.00000 	0.00000 	0.00000 	0.00000 	0.00000 	0.00000 	0.00301 
2061 	0.00000 	0.00000 	0.00000 	0.00000 	0.00000 	0.00000 	0.00000 	0.00334 
2062 	0.00000 	0.00000 	0.00000 	0.00000 	0.00000 	0.00000 	0.00000 	0.00373 
2063 	0.00000 	0.00000 	0.00000 	0.00000 	0.00000 	0.00000 	0.00000 	0.00414 
2064 	0.00000 	0.00000 	0.00000 	0.00000 	0.00000 	0.00000 	0.00000 	0.00463 
2065 	0.00000 	0.00000 	0.00000 	0.00000 	0.00000 	0.00000 	0.00000 	0.00514 
2066 	0.00000 	0.00000 	0.00000 	0.00000 	0.00000 	0.00000 	0.00000 	0.00573 
2067 	0.00000 	0.00000 	0.00000 	0.00000 	0.00000 	0.00000 	0.00000 	0.00634 
2068 	0.00000 	0.00000 	0.00000 	0.00000 	0.00000 	0.00000 	0.00000 	0.00714 
2069 	0.00000 	0.00000 	0.00000 	0.00000 	0.00000 	0.00000 	0.00000 	0.00800 
2070 	0.00000 	0.00000 	0.00000 	0.00000 	0.00000 	0.00000 	0.00000 	0.00890 
2071 	0.00000 	0.00000 	0.00000 	0.00000 	0.00000 	0.00000 	0.00000 	0.00982 
2072 	0.00000 	0.00000 	0.00000 	0.00000 	0.00000 	0.00000 	0.00000 	0.01101 
2073 	0.00000 	0.00000 	0.00000 	0.00000 	0.00000 	0.00000 	0.00000 	0.01226 
2074 	0.00000 	0.00000 	0.00000 	0.00000 	0.00000 	0.00000 	0.00000 	0.01361 
2075 	0.00000 	0.00000 	0.00000 	0.00000 	0.00000 	0.00000 	0.00000 	0.01499 
2076 	0.00000 	0.00000 	0.00000 	0.00000 	0.00000 	0.00000 	0.00000 	0.01687 
2077 	0.00000 	0.00000 	0.00000 	0.00000 	0.00000 	0.00000 	0.00000 	0.01890 
2078 	0.00000 	0.00000 	0.00000 	0.00000 	0.00000 	0.00000 	0.00000 	0.02100 
2079 	0.00000 	0.00000 	0.00000 	0.00000 	0.00000 	0.00000 	0.00000 	0.02312 
2080 	0.00000 	0.00000 	0.00000 	0.00000 	0.00000 	0.00000 	0.00000 	0.02590 
2081 	0.00000 	0.00000 	0.00000 	0.00000 	0.00000 	0.00000 	0.00000 	0.02885 
2082 	0.00000 	0.00000 	0.00000 	0.00000 	0.00000 	0.00000 	0.00000 	0.03207 
2083 	0.00000 	0.00000 	0.00000 	0.00000 	0.00000 	0.00000 	0.00000 	0.03536 
2084 	0.00000 	0.00000 	0.00000 	0.00000 	0.00000 	0.00000 	0.00000 	0.04021 
2085 	0.00000 	0.00000 	0.00000 	0.00000 	0.00000 	0.00000 	0.00000 	0.04543 
2086 	0.00000 	0.00000 	0.00000 	0.00000 	0.00000 	0.00000 	0.00000 	0.05090 
2087 	0.00000 	0.00000 	0.00000 	0.00000 	0.00000 	0.00000 	0.00000 	0.05643 
2088 	0.00000 	0.00000 	0.00000 	0.00000 	0.00000 	0.00000 	0.00000 	0.06327 
2089 	0.00000 	0.00000 	0.00000 	0.00000 	0.00000 	0.00000 	0.00000 	0.07041 
2090 	0.00000 	0.00000 	0.00000 	0.00000 	0.00000 	0.00000 	0.00000 	0.07938 
2091 	0.00000 	0.00000 	0.00000 	0.00000 	0.00000 	0.00000 	0.00000 	0.08891 
2092 	0.00000 	0.00000 	0.00000 	0.00000 	0.00000 	0.00000 	0.00000 	0.10064 
2093 	0.00000 	0.00000 	0.00000 	0.00000 	0.00000 	0.00000 	0.00000 	0.11283 
2094 	0.00000 	0.00000 	0.00000 	0.00000 	0.00000 	0.00000 	0.00000 	0.12829 
2095 	0.00000 	0.00000 	0.00000 	0.00000 	0.00000 	0.00000 	0.00000 	0.14467 
2096 	0.00000 	0.00000 	0.00000 	0.00000 	0.00000 	0.00000 	0.00000 	0.16206 
2097 	0.00000 	0.00000 	0.00000 	0.00000 	0.00000 	0.00000 	0.00000 	0.17971 
2098 	0.00000 	0.00000 	0.00000 	0.00000 	0.00000 	0.00000 	0.00000 	0.20278 
2099 	0.00000 	0.00000 	0.00000 	0.00000 	0.00000 	0.00000 	0.00000 	0.22723 
2100 	0.00000 	0.00000 	0.00000 	0.00000 	0.00000 	0.00000 	0.00000 	0.25373 
2101 	0.00000 	0.00000 	0.00000 	0.00000 	0.00000 	0.00000 	0.00000 	0.28093 
2102 	0.00000 	0.00000 	0.00000 	0.00000 	0.00000 	0.00000 	0.00000 	0.31135 
2103 	0.00000 	0.00000 	0.00000 	0.00000 	0.00000 	0.00000 	0.00000 	0.34253 
2104 	0.00000 	0.00000 	0.00000 	0.00000 	0.00000 	0.00000 	0.00000 	0.37704 
2105 	0.00000 	0.00000 	0.00000 	0.00000 	0.00000 	0.00000 	0.00000 	0.41262 
2106 	0.00000 	0.00000 	0.00000 	0.00000 	0.00000 	0.00000 	0.00000 	0.45047 
2107 	0.00000 	0.00000 	0.00000 	0.00000 	0.00000 	0.00000 	0.00000 	0.48882 
2108 	0.00000 	0.00000 	0.00000 	0.00000 	0.00000 	0.00000 	0.00000 	0.52246 
2109 	0.00000 	0.00000 	0.00000 	0.00000 	0.00000 	0.00000 	0.00000 	0.55472 
2110 	0.00000 	0.00000 	0.00000 	0.00000 	0.00000 	0.00000 	0.00000 	0.59323 
2111 	0.00000 	0.00000 	0.00000 	0.00000 	0.00000 	0.00000 	0.00000 	0.63352 
2112 	0.00000 	0.00000 	0.00000 	0.00000 	0.00000 	0.00000 	0.00000 	0.66307 
2113 	0.00000 	0.00000 	0.00000 	0.00000 	0.00000 	0.00000 	0.00000 	0.68966 
2114 	0.00000 	0.00000 	0.00000 	0.00000 	0.00000 	0.00000 	0.00000 	0.72228 
2115 	0.00000 	0.00000 	0.00000 	0.00000 	0.00000 	0.00000 	0.00000 	0.75653 
2116 	0.00000 	0.00000 	0.00000 	0.00000 	0.00000 	0.00000 	0.00000 	0.77646 
2117 	0.00000 	0.00000 	0.00000 	0.00000 	0.00000 	0.00000 	0.00000 	0.79267 
2118 	0.00000 	0.00000 	0.00000 	0.00000 	0.00000 	0.00000 	0.00000 	0.81372 
2119 	0.00000 	0.00000 	0.00000 	0.00000 	0.00000 	0.00000 	0.00000 	0.83600 
2120 	0.00000 	0.00000 	0.00000 	0.00000 	0.00000 	0.00000 	0.00000 	0.84634 
2121 	0.00000 	0.00000 	0.00000 	0.00000 	0.00000 	0.00000 	0.00000 	0.85371 
2122 	0.00000 	0.00000 	0.00000 	0.00000 	0.00000 	0.00000 	0.00000 	0.86785 
2123 	0.00000 	0.00000 	0.00000 	0.00000 	0.00000 	0.00000 	0.00000 	0.88362 
2124 	0.00000 	0.00000 	0.00000 	0.00000 	0.00000 	0.00000 	0.00000 	0.88641 
2125 	0.00000 	0.00000 	0.00000 	0.00000 	0.00000 	0.00000 	0.00000 	0.88613 
2126 	0.00000 	0.00000 	0.00000 	0.00000 	0.00000 	0.00000 	0.00000 	0.89523 
2127 	0.00000 	0.00000 	0.00000 	0.00000 	0.00000 	0.00000 	0.00000 	0.90653 
2128 	0.00000 	0.00000 	0.00000 	0.00000 	0.00000 	0.00000 	0.00000 	0.90974 
2129 	0.00000 	0.00000 	0.00000 	0.00000 	0.00000 	0.00000 	0.00000 	0.91109 
2130 	0.00000 	0.00000 	0.00000 	0.00000 	0.00000 	0.00000 	0.00000 	0.91799 
2131 	0.00000 	0.00000 	0.00000 	0.00000 	0.00000 	0.00000 	0.00000 	0.92613 
2132 	0.00000 	0.00000 	0.00000 	0.00000 	0.00000 	0.00000 	0.00000 	0.92969 
2133 	0.00000 	0.00000 	0.00000 	0.00000 	0.00000 	0.00000 	0.00000 	0.93223 
2134 	0.00000 	0.00000 	0.00000 	0.00000 	0.00000 	0.00000 	0.00000 	0.93654 
2135 	0.00000 	0.00000 	0.00000 	0.00000 	0.00000 	0.00000 	0.00000 	0.94141 
2136 	0.00000 	0.00000 	0.00000 	0.00000 	0.00000 	0.00000 	0.00000 	0.94257 
2137 	0.00000 	0.00000 	0.00000 	0.00000 	0.00000 	0.00000 	0.00000 	0.94295 
2138 	0.00000 	0.00000 	0.00000 	0.00000 	0.00000 	0.00000 	0.00000 	0.94311 
2139 	0.00000 	0.00000 	0.00000 	0.00000 	0.00000 	0.00000 	0.00000 	0.94319 
2140 	0.00000 	0.00000 	0.00000 	0.00000 	0.00000 	0.00000 	0.00000 	0.94517 
2141 	0.00000 	0.00000 	0.00000 	0.00000 	0.00000 	0.00000 	0.00000 	0.94754 
2142 	0.00000 	0.00000 	0.00000 	0.00000 	0.00000 	0.00000 	0.00000 	0.94878 
2143 	0.00000 	0.00000 	0.00000 	0.00000 	0.00000 	0.00000 	0.00000 	0.94969 
2144 	0.00000 	0.00000 	0.00000 	0.00000 	0.00000 	0.00000 	0.00000 	0.94964 
2145 	0.00000 	0.00000 	0.00000 	0.00000 	0.00000 	0.00000 	0.00000 	0.94940 
2146 	0.00000 	0.00000 	0.00000 	0.00000 	0.00000 	0.00000 	0.00000 	0.95255 
2147 	0.00000 	0.00000 	0.00000 	0.00000 	0.00000 	0.00000 	0.00000 	0.95664 
2148 	0.00000 	0.00000 	0.00000 	0.00000 	0.00000 	0.00000 	0.00000 	0.95308 
2149 	0.00000 	0.00000 	0.00000 	0.00000 	0.00000 	0.00000 	0.00000 	0.94742 
2150 	0.00000 	0.00000 	0.00000 	0.00000 	0.00000 	0.00000 	0.00000 	0.94909 
2151 	0.00000 	0.00000 	0.00000 	0.00000 	0.00000 	0.00000 	0.00000 	0.95277 
2152 	0.00000 	0.00000 	0.00000 	0.00000 	0.00000 	0.00000 	0.00000 	0.95087 
2153 	0.00000 	0.00000 	0.00000 	0.00000 	0.00000 	0.00000 	0.00000 	0.94748 
2154 	0.00000 	0.00000 	0.00000 	0.00000 	0.00000 	0.00000 	0.00000 	0.94701 
2155 	0.00000 	0.00000 	0.00000 	0.00000 	0.00000 	0.00000 	0.00000 	0.94709 
2156 	0.00000 	0.00000 	0.00000 	0.00000 	0.00000 	0.00000 	0.00000 	0.95181 
2157 	0.00000 	0.00000 	0.00000 	0.00000 	0.00000 	0.00000 	0.00000 	0.95772 
2158 	0.00000 	0.00000 	0.00000 	0.00000 	0.00000 	0.00000 	0.00000 	0.95333 
2159 	0.00000 	0.00000 	0.00000 	0.00000 	0.00000 	0.00000 	0.00000 	0.94641 
2160 	0.00000 	0.00000 	0.00000 	0.00000 	0.00000 	0.00000 	0.00000 	0.94778 
2161 	0.00000 	0.00000 	0.00000 	0.00000 	0.00000 	0.00000 	0.00000 	0.95112 
2162 	0.00000 	0.00000 	0.00000 	0.00000 	0.00000 	0.00000 	0.00000 	0.95164 
2163 	0.00000 	0.00000 	0.00000 	0.00000 	0.00000 	0.00000 	0.00000 	0.95152 
2164 	0.00000 	0.00000 	0.00000 	0.00000 	0.00000 	0.00000 	0.00000 	0.94864 
2165 	0.00000 	0.00000 	0.00000 	0.00000 	0.00000 	0.00000 	0.00000 	0.94496 
2166 	0.00000 	0.00000 	0.00000 	0.00000 	0.00000 	0.00000 	0.00000 	0.94252 
2167 	0.00000 	0.00000 	0.00000 	0.00000 	0.00000 	0.00000 	0.00000 	0.94031 
2168 	0.00000 	0.00000 	0.00000 	0.00000 	0.00000 	0.00000 	0.00000 	0.94340 
2169 	0.00000 	0.00000 	0.00000 	0.00000 	0.00000 	0.00000 	0.00000 	0.94792 
2170 	0.00000 	0.00000 	0.00000 	0.00000 	0.00000 	0.00000 	0.00000 	0.94501 
2171 	0.00000 	0.00000 	0.00000 	0.00000 	0.00000 	0.00000 	0.00000 	0.94021 
2172 	0.00000 	0.00000 	0.00000 	0.00000 	0.00000 	0.00000 	0.00000 	0.93874 
2173 	0.00000 	0.00000 	0.00000 	0.00000 	0.00000 	0.00000 	0.00000 	0.93806 
2174 	0.00000 	0.00000 	0.00000 	0.00000 	0.00000 	0.00000 	0.00000 	0.94186 
2175 	0.00000 	0.00000 	0.00000 	0.00000 	0.00000 	0.00000 	0.00000 	0.94702 
2176 	0.00000 	0.00000 	0.00000 	0.00000 	0.00000 	0.00000 	0.00000 	0.94655 
2177 	0.00000 	0.00000 	0.00000 	0.00000 	0.00000 	0.00000 	0.00000 	0.94448 
2178 	0.00000 	0.00000 	0.00000 	0.00000 	0.00000 	0.00000 	0.00000 	0.94741 
2179 	0.00000 	0.00000 	0.00000 	0.00000 	0.00000 	0.00000 	0.00000 	0.95166 
2180 	0.00000 	0.00000 	0.00000 	0.00000 	0.00000 	0.00000 	0.00000 	0.94928 
2181 	0.00000 	0.00000 	0.00000 	0.00000 	0.00000 	0.00000 	0.00000 	0.94532 
2182 	0.00000 	0.00000 	0.00000 	0.00000 	0.00000 	0.00000 	0.00000 	0.93994 
2183 	0.00000 	0.00000 	0.00000 	0.00000 	0.00000 	0.00000 	0.00000 	0.93414 
2184 	0.00000 	0.00000 	0.00000 	0.00000 	0.00000 	0.00000 	0.00000 	0.93549 
2185 	0.00000 	0.00000 	0.00000 	0.00000 	0.00000 	0.00000 	0.00000 	0.93882 
2186 	0.00000 	0.00000 	0.00000 	0.00000 	0.00000 	0.00000 	0.00000 	0.93925 
2187 	0.00000 	0.00000 	0.00000 	0.00000 	0.00000 	0.00000 	0.00000 	0.93896 
2188 	0.00000 	0.00000 	0.00000 	0.00000 	0.00000 	0.00000 	0.00000 	0.93468 
2189 	0.00000 	0.00000 	0.00000 	0.00000 	0.00000 	0.00000 	0.00000 	0.92916 
2190 	0.00000 	0.00000 	0.00000 	0.00000 	0.00000 	0.00000 	0.00000 	0.92709 
2191 	0.00000 	0.00000 	0.00000 	0.00000 	0.00000 	0.00000 	0.00000 	0.92569 
2192 	0.00000 	0.00000 	0.00000 	0.00000 	0.00000 	0.00000 	0.00000 	0.93051 
2193 	0.00000 	0.00000 	0.00000 	0.00000 	0.00000 	0.00000 	0.00000 	0.93690 
2194 	0.00000 	0.00000 	0.00000 	0.00000 	0.00000 	0.00000 	0.00000 	0.93391 
2195 	0.00000 	0.00000 	0.00000 	0.00000 	0.00000 	0.00000 	0.00000 	0.92798 
2196 	0.00000 	0.00000 	0.00000 	0.00000 	0.00000 	0.00000 	0.00000 	0.93098 
2197 	0.00000 	0.00000 	0.00000 	0.00000 	0.00000 	0.00000 	0.00000 	0.93647 
2198 	0.00000 	0.00000 	0.00000 	0.00000 	0.00000 	0.00000 	0.00000 	0.93578 
2199 	0.00000 	0.00000 	0.00000 	0.00000 	0.00000 	0.00000 	0.00000 	0.93352 
2200 	0.00000 	0.00000 	0.00000 	0.00000 	0.00000 	0.00000 	0.00000 	0.93513 
2201 	0.00000 	0.00000 	0.00000 	0.00000 	0.00000 	0.00000 	0.00000 	0.93759 
2202 	0.00000 	0.00000 	0.00000 	0.00000 	0.00000 	0.00000 	0.00000 	0.94622 
2203 	0.00000 	0.00000 	0.00000 	0.00000 	0.00000 	0.00000 	0.00000 	0.95657 
2204 	0.00000 	0.00000 	0.00000 	0.00000 	0.00000 	0.00000 	0.00000 	0.95566 
2205 	0.00000 	0.00000 	0.00000 	0.00000 	0.00000 	0.00000 	0.00000 	0.95199 
2206 	0.00000 	0.00000 	0.00000 	0.00000 	0.00000 	0.00000 	0.00000 	0.95667 
2207 	0.00000 	0.00000 	0.00000 	0.00000 	0.00000 	0.00000 	0.00000 	0.96314 
2208 	0.00000 	0.00000 	0.00000 	0.00000 	0.00000 	0.00000 	0.00000 	0.96444 
2209 	0.00000 	0.00000 	0.00000 	0.00000 	0.00000 	0.00000 	0.00000 	0.96437 
2210 	0.00000 	0.00000 	0.00000 	0.00000 	0.00000 	0.00000 	0.00000 	0.96352 
2211 	0.00000 	0.00000 	0.00000 	0.00000 	0.00000 	0.00000 	0.00000 	0.96243 
2212 	0.00000 	0.00000 	0.00000 	0.00000 	0.00000 	0.00000 	0.00000 	0.96291 
2213 	0.00000 	0.00000 	0.00000 	0.00000 	0.00000 	0.00000 	0.00000 	0.96369 
2214 	0.00000 	0.00000 	0.00000 	0.00000 	0.00000 	0.00000 	0.00000 	0.96247 
2215 	0.00000 	0.00000 	0.00000 	0.00000 	0.00000 	0.00000 	0.00000 	0.96074 
2216 	0.00000 	0.00000 	0.00000 	0.00000 	0.00000 	0.00000 	0.00000 	0.95924 
2217 	0.00000 	0.00000 	0.00000 	0.00000 	0.00000 	0.00000 	0.00000 	0.95781 
2218 	0.00000 	0.00000 	0.00000 	0.00000 	0.00000 	0.00000 	0.00000 	0.95778 
2219 	0.00000 	0.00000 	0.00000 	0.00000 	0.00000 	0.00000 	0.00000 	0.95804 
2220 	0.00000 	0.00000 	0.00000 	0.00000 	0.00000 	0.00000 	0.00000 	0.95327 
2221 	0.00000 	0.00000 	0.00000 	0.00000 	0.00000 	0.00000 	0.00000 	0.94716 
2222 	0.00000 	0.00000 	0.00000 	0.00000 	0.00000 	0.00000 	0.00000 	0.95171 
2223 	0.00000 	0.00000 	0.00000 	0.00000 	0.00000 	0.00000 	0.00000 	0.95883 
2224 	0.00000 	0.00000 	0.00000 	0.00000 	0.00000 	0.00000 	0.00000 	0.96021 
2225 	0.00000 	0.00000 	0.00000 	0.00000 	0.00000 	0.00000 	0.00000 	0.96034 
2226 	0.00000 	0.00000 	0.00000 	0.00000 	0.00000 	0.00000 	0.00000 	0.95479 
2227 	0.00000 	0.00000 	0.00000 	0.00000 	0.00000 	0.00000 	0.00000 	0.94770 
2228 	0.00000 	0.00000 	0.00000 	0.00000 	0.00000 	0.00000 	0.00000 	0.95197 
2229 	0.00000 	0.00000 	0.00000 	0.00000 	0.00000 	0.00000 	0.00000 	0.95906 
2230 	0.00000 	0.00000 	0.00000 	0.00000 	0.00000 	0.00000 	0.00000 	0.96055 
2231 	0.00000 	0.00000 	0.00000 	0.00000 	0.00000 	0.00000 	0.00000 	0.96076 
2232 	0.00000 	0.00000 	0.00000 	0.00000 	0.00000 	0.00000 	0.00000 	0.95575 
2233 	0.00000 	0.00000 	0.00000 	0.00000 	0.00000 	0.00000 	0.00000 	0.94926 
2234 	0.00000 	0.00000 	0.00000 	0.00000 	0.00000 	0.00000 	0.00000 	0.95325 
2235 	0.00000 	0.00000 	0.00000 	0.00000 	0.00000 	0.00000 	0.00000 	0.95997 
2236 	0.00000 	0.00000 	0.00000 	0.00000 	0.00000 	0.00000 	0.00000 	0.96374 
2237 	0.00000 	0.00000 	0.00000 	0.00000 	0.00000 	0.00000 	0.00000 	0.96679 
2238 	0.00000 	0.00000 	0.00000 	0.00000 	0.00000 	0.00000 	0.00000 	0.96432 
2239 	0.00000 	0.00000 	0.00000 	0.00000 	0.00000 	0.00000 	0.00000 	0.96017 
2240 	0.00000 	0.00000 	0.00000 	0.00000 	0.00000 	0.00000 	0.00000 	0.96547 
2241 	0.00000 	0.00000 	0.00000 	0.00000 	0.00000 	0.00000 	0.00000 	0.97342 
2242 	0.00000 	0.00000 	0.00000 	0.00000 	0.00000 	0.00000 	0.00000 	0.97764 
2243 	0.00000 	0.00000 	0.00000 	0.00000 	0.00000 	0.00000 	0.00000 	0.98090 
2244 	0.00000 	0.00000 	0.00000 	0.00000 	0.00000 	0.00000 	0.00000 	0.98276 
2245 	0.00000 	0.00000 	0.00000 	0.00000 	0.00000 	0.00000 	0.00000 	0.98416 
2246 	0.00000 	0.00000 	0.00000 	0.00000 	0.00000 	0.00000 	0.00000 	0.98469 
2247 	0.00000 	0.00000 	0.00000 	0.00000 	0.00000 	0.00000 	0.00000 	0.98506 
2248 	0.00000 	0.00000 	0.00000 	0.00000 	0.00000 	0.00000 	0.00000 	0.99149 
2249 	0.00000 	0.00000 	0.00000 	0.00000 	0.00000 	0.00000 	0.00000 	0.99960 
2250 	0.00000 	0.00000 	0.00000 	0.00000 	0.00000 	0.00000 	0.00000 	0.99765 
2251 	0.00000 	0.00000 	0.00000 	0.00000 	0.00000 	0.00000 	0.00000 	0.99315 
2252 	0.00000 	0.00000 	0.00000 	0.00000 	0.00000 	0.00000 	0.00000 	0.99247 
2253 	0.00000 	0.00000 	0.00000 	0.00000 	0.00000 	0.00000 	0.00000 	0.99268 
2254 	0.00000 	0.00000 	0.00000 	0.00000 	0.00000 	0.00000 	0.00000 	0.99589 
2255 	0.00000 	0.00000 	0.00000 	0.00000 	0.00000 	0.00000 	0.00000 	1.00000 
2256 	0.00000 	0.00000 	0.00000 	0.00000 	0.00000 	0.00000 	0.00000 	0.99928 
2257 	0.00000 	0.00000 	0.00000 	0.00000 	0.00000 	0.00000 	0.00000 	0.99726 
2258 	0.00000 	0.00000 	0.00000 	0.00000 	0.00000 	0.00000 	0.00000 	0.99436 
2259 	0.00000 	0.00000 	0.00000 	0.00000 	0.00000 	0.00000 	0.00000 	0.99113 
2260 	0.00000 	0.00000 	0.00000 	0.00000 	0.00000 	0.00000 	0.00000 	0.98775 
2261 	0.00000 	0.00000 	0.00000 	0.00000 	0.00000 	0.00000 	0.00000 	0.98435 
2262 	0.00000 	0.00000 	0.00000 	0.00000 	0.00000 	0.00000 	0.00000 	0.98604 
2263 	0.00000 	0.00000 	0.00000 	0.00000 	0.00000 	0.00000 	0.00000 	0.98913 
2264 	0.00000 	0.00000 	0.00000 	0.00000 	0.00000 	0.00000 	0.00000 	0.98454 
2265 	0.00000 	0.00000 	0.00000 	0.00000 	0.00000 	0.00000 	0.00000 	0.97802 
2266 	0.00000 	0.00000 	0.00000 	0.00000 	0.00000 	0.00000 	0.00000 	0.97502 
2267 	0.00000 	0.00000 	0.00000 	0.00000 	0.00000 	0.00000 	0.00000 	0.97279 
2268 	0.00000 	0.00000 	0.00000 	0.00000 	0.00000 	0.00000 	0.00000 	0.97417 
2269 	0.00000 	0.00000 	0.00000 	0.00000 	0.00000 	0.00000 	0.00000 	0.97654 
2270 	0.00000 	0.00000 	0.00000 	0.00000 	0.00000 	0.00000 	0.00000 	0.97620 
2271 	0.00000 	0.00000 	0.00000 	0.00000 	0.00000 	0.00000 	0.00000 	0.97521 
2272 	0.00000 	0.00000 	0.00000 	0.00000 	0.00000 	0.00000 	0.00000 	0.97441 
2273 	0.00000 	0.00000 	0.00000 	0.00000 	0.00000 	0.00000 	0.00000 	0.97366 
2274 	0.00000 	0.00000 	0.00000 	0.00000 	0.00000 	0.00000 	0.00000 	0.96750 
2275 	0.00000 	0.00000 	0.00000 	0.00000 	0.00000 	0.00000 	0.00000 	0.95990 
2276 	0.00000 	0.00000 	0.00000 	0.00000 	0.00000 	0.00000 	0.00000 	0.95694 
2277 	0.00000 	0.00000 	0.00000 	0.00000 	0.00000 	0.00000 	0.00000 	0.95510 
2278 	0.00000 	0.00000 	0.00000 	0.00000 	0.00000 	0.00000 	0.00000 	0.95509 
2279 	0.00000 	0.00000 	0.00000 	0.00000 	0.00000 	0.00000 	0.00000 	0.95559 
2280 	0.00000 	0.00000 	0.00000 	0.00000 	0.00000 	0.00000 	0.00000 	0.94720 
2281 	0.00000 	0.00000 	0.00000 	0.00000 	0.00000 	0.00000 	0.00000 	0.93665 
2282 	0.00000 	0.00000 	0.00000 	0.00000 	0.00000 	0.00000 	0.00000 	0.92241 
2283 	0.00000 	0.00000 	0.00000 	0.00000 	0.00000 	0.00000 	0.00000 	0.90711 
2284 	0.00000 	0.00000 	0.00000 	0.00000 	0.00000 	0.00000 	0.00000 	0.89494 
2285 	0.00000 	0.00000 	0.00000 	0.00000 	0.00000 	0.00000 	0.00000 	0.88359 
2286 	0.00000 	0.00000 	0.00000 	0.00000 	0.00000 	0.00000 	0.00000 	0.85549 
2287 	0.00000 	0.00000 	0.00000 	0.00000 	0.00000 	0.00000 	0.00000 	0.82388 
2288 	0.00000 	0.00000 	0.00000 	0.00000 	0.00000 	0.00000 	0.00000 	0.78488 
2289 	0.00000 	0.00000 	0.00000 	0.00000 	0.00000 	0.00000 	0.00000 	0.74403 
2290 	0.00000 	0.00000 	0.00000 	0.00000 	0.00000 	0.00000 	0.00000 	0.69852 
2291 	0.00000 	0.00000 	0.00000 	0.00000 	0.00000 	0.00000 	0.00000 	0.65167 
2292 	0.00000 	0.00000 	0.00000 	0.00000 	0.00000 	0.00000 	0.00000 	0.60254 
2293 	0.00000 	0.00000 	0.00000 	0.00000 	0.00000 	0.00000 	0.00000 	0.55265 
2294 	0.00000 	0.00000 	0.00000 	0.00000 	0.00000 	0.00000 	0.00000 	0.50269 
2295 	0.00000 	0.00000 	0.00000 	0.00000 	0.00000 	0.00000 	0.00000 	0.45270 
2296 	0.00000 	0.00000 	0.00000 	0.00000 	0.00000 	0.00000 	0.00000 	0.40399 
2297 	0.00000 	0.00000 	0.00000 	0.00000 	0.00000 	0.00000 	0.00000 	0.35557 
2298 	0.00000 	0.00000 	0.00000 	0.00000 	0.00000 	0.00000 	0.00000 	0.31571 
2299 	0.00000 	0.00000 	0.00000 	0.00000 	0.00000 	0.00000 	0.00000 	0.27826 
2300 	0.00000 	0.00000 	0.00000 	0.00000 	0.00000 	0.00000 	0.00000 	0.24465 
2301 	0.00000 	0.00000 	0.00000 	0.00000 	0.00000 	0.00000 	0.00000 	0.21221 
2302 	0.00000 	0.00000 	0.00000 	0.00000 	0.00000 	0.00000 	0.00000 	0.18615 
2303 	0.00000 	0.00000 	0.00000 	0.00000 	0.00000 	0.00000 	0.00000 	0.16175 
2304 	0.00000 	0.00000 	0.00000 	0.00000 	0.00000 	0.00000 	0.00000 	0.14144 
2305 	0.00000 	0.00000 	0.00000 	0.00000 	0.00000 	0.00000 	0.00000 	0.12202 
2306 	0.00000 	0.00000 	0.00000 	0.00000 	0.00000 	0.00000 	0.00000 	0.10653 
2307 	0.00000 	0.00000 	0.00000 	0.00000 	0.00000 	0.00000 	0.00000 	0.09203 
2308 	0.00000 	0.00000 	0.00000 	0.00000 	0.00000 	0.00000 	0.00000 	0.08027 
2309 	0.00000 	0.00000 	0.00000 	0.00000 	0.00000 	0.00000 	0.00000 	0.06928 
2310 	0.00000 	0.00000 	0.00000 	0.00000 	0.00000 	0.00000 	0.00000 	0.06070 
2311 	0.00000 	0.00000 	0.00000 	0.00000 	0.00000 	0.00000 	0.00000 	0.05270 
2312 	0.00000 	0.00000 	0.00000 	0.00000 	0.00000 	0.00000 	0.00000 	0.04633 
2313 	0.00000 	0.00000 	0.00000 	0.00000 	0.00000 	0.00000 	0.00000 	0.04041 
2314 	0.00000 	0.00000 	0.00000 	0.00000 	0.00000 	0.00000 	0.00000 	0.03563 
2315 	0.00000 	0.00000 	0.00000 	0.00000 	0.00000 	0.00000 	0.00000 	0.03121 
2316 	0.00000 	0.00000 	0.00000 	0.00000 	0.00000 	0.00000 	0.00000 	0.02752 
2317 	0.00000 	0.00000 	0.00000 	0.00000 	0.00000 	0.00000 	0.00000 	0.02400 
2318 	0.00000 	0.00000 	0.00000 	0.00000 	0.00000 	0.00000 	0.00000 	0.02126 
2319 	0.00000 	0.00000 	0.00000 	0.00000 	0.00000 	0.00000 	0.00000 	0.01869 
2320 	0.00000 	0.00000 	0.00000 	0.00000 	0.00000 	0.00000 	0.00000 	0.01656 
2321 	0.00000 	0.00000 	0.00000 	0.00000 	0.00000 	0.00000 	0.00000 	0.01455 
2322 	0.00000 	0.00000 	0.00000 	0.00000 	0.00000 	0.00000 	0.00000 	0.01293 
2323 	0.00000 	0.00000 	0.00000 	0.00000 	0.00000 	0.00000 	0.00000 	0.01143 
2324 	0.00000 	0.00000 	0.00000 	0.00000 	0.00000 	0.00000 	0.00000 	0.01016 
2325 	0.00000 	0.00000 	0.00000 	0.00000 	0.00000 	0.00000 	0.00000 	0.00896 
2326 	0.00000 	0.00000 	0.00000 	0.00000 	0.00000 	0.00000 	0.00000 	0.00799 
2327 	0.00000 	0.00000 	0.00000 	0.00000 	0.00000 	0.00000 	0.00000 	0.00709 
2328 	0.00000 	0.00000 	0.00000 	0.00000 	0.00000 	0.00000 	0.00000 	0.00635 
2329 	0.00000 	0.00000 	0.00000 	0.00000 	0.00000 	0.00000 	0.00000 	0.00564 
2330 	0.00000 	0.00000 	0.00000 	0.00000 	0.00000 	0.00000 	0.00000 	0.00502 
2331 	0.00000 	0.00000 	0.00000 	0.00000 	0.00000 	0.00000 	0.00000 	0.00442 
2332 	0.00000 	0.00000 	0.00000 	0.00000 	0.00000 	0.00000 	0.00000 	0.00390 
2333 	0.00000 	0.00000 	0.00000 	0.00000 	0.00000 	0.00000 	0.00000 	0.00342 
2334 	0.00000 	0.00000 	0.00000 	0.00000 	0.00000 	0.00000 	0.00000 	0.00303 
2335 	0.00000 	0.00000 	0.00000 	0.00000 	0.00000 	0.00000 	0.00000 	0.00265 
2336 	0.00000 	0.00000 	0.00000 	0.00000 	0.00000 	0.00000 	0.00000 	0.00234 
2337 	0.00000 	0.00000 	0.00000 	0.00000 	0.00000 	0.00000 	0.00000 	0.00205 
2338 	0.00000 	0.00000 	0.00000 	0.00000 	0.00000 	0.00000 	0.00000 	0.00180 
2339 	0.00000 	0.00000 	0.00000 	0.00000 	0.00000 	0.00000 	0.00000 	0.00155 
2340 	0.00000 	0.00000 	0.00000 	0.00000 	0.00000 	0.00000 	0.00000 	0.00135 
2341 	0.00000 	0.00000 	0.00000 	0.00000 	0.00000 	0.00000 	0.00000 	0.00115 
2342 	0.00000 	0.00000 	0.00000 	0.00000 	0.00000 	0.00000 	0.00000 	0.00097 
2343 	0.00000 	0.00000 	0.00000 	0.00000 	0.00000 	0.00000 	0.00000 	0.00081 
2344 	0.00000 	0.00000 	0.00000 	0.00000 	0.00000 	0.00000 	0.00000 	0.00068 
2345 	0.00000 	0.00000 	0.00000 	0.00000 	0.00000 	0.00000 	0.00000 	0.00056 
2346 	0.00000 	0.00000 	0.00000 	0.00000 	0.00000 	0.00000 	0.00000 	0.00044 
2347 	0.00000 	0.00000 	0.00000 	0.00000 	0.00000 	0.00000 	0.00000 	0.00032 
2348 	0.00000 	0.00000 	0.00000 	0.00000 	0.00000 	0.00000 	0.00000 	0.00022 
2349 	0.00000 	0.00000 	0.00000 	0.00000 	0.00000 	0.00000 	0.00000 	0.00012 
2350 	0.00000 	0.00000 	0.00000 	0.00000 	0.00000 	0.00000 	0.00000 	0.00003 
2351 	0.00000 	0.00000 	0.00000 	0.00000 	0.00000 	0.00000 	0.00000 	-0.00006 
2352 	0.00000 	0.00000 	0.00000 	0.00000 	0.00000 	0.00000 	0.00000 	-0.00013 
2353 	0.00000 	0.00000 	0.00000 	0.00000 	0.00000 	0.00000 	0.00000 	-0.00020 
2354 	0.00000 	0.00000 	0.00000 	0.00000 	0.00000 	0.00000 	0.00000 	-0.00026 
2355 	0.00000 	0.00000 	0.00000 	0.00000 	0.00000 	0.00000 	0.00000 	-0.00032 