
/begin_header
/missing=-999
/delimiter=space
!
! K. Bogumil, J. Orphal, T. Homann, S. Voigt, P. Spietz, O.C. Fleischmann, 
! A. Vogel, M. Hartmann, H., Bovensmann, J. Frerick, and J.P. Burrows, 
! "Measurementsof molecular absorption spectra with the SCIAMACHY 
! pre-flight model: Instrument characterization and reference data for 
! atmospheric remote sensing in the 230-2380 nm region," J. Photochem. 
! Photobiol. A.: Photochem. 157, 167-184 (2003).
!
! W. Schneider, G.K. Moortgat, J.P. Burrows, and G.S. Tyndall, Absorption 
!  cross-sections of NO2 in the UV and visible region (200 - 700 nm) at 298 K
!     J. Photochem. Photobiol. 40, 195-217 (1987)
!
/fields=wavelength,no2
/units=nm,cm^2
/end_header
200.00 4.00218E-19
201.00 4.42980E-19
202.00 4.27653E-19
203.00 4.02227E-19
204.00 4.45599E-19
205.00 4.54601E-19
206.00 4.26467E-19
207.00 4.24957E-19
208.00 4.84198E-19
209.00 4.85091E-19
210.00 4.37095E-19
211.00 4.43069E-19
212.00 5.11690E-19
213.00 5.32374E-19
214.00 4.70985E-19
215.00 4.41414E-19
216.00 5.00242E-19
217.00 5.32637E-19
218.00 4.72994E-19
219.00 4.20800E-19
220.00 4.15936E-19
221.00 4.93020E-19
222.00 4.76640E-19
223.00 3.86012E-19
224.00 3.54971E-19
225.00 3.38360E-19
226.00 4.30262E-19
227.00 3.82252E-19
228.00 2.95638E-19
229.00 2.61291E-19
230.00 2.44115E-19
231.00 2.97089E-19
232.00 2.71697E-19
233.00 2.39239E-19
234.00 1.47656E-19
235.00 1.27628E-19
236.00 1.63392E-19
237.00 1.50088E-19
238.00 1.48267E-19
239.00 9.31901E-20
240.00 7.29042E-20
241.00 3.14878E-20
242.00 6.99617E-20
243.00 8.31851E-20
244.00 3.32737E-20
245.00 3.58285E-20
246.00 2.91422E-20
247.00 1.60620E-20
248.00 9.81463E-21
249.00 2.41643E-20
250.00 2.39330E-20
251.00 1.18066E-20
252.00 1.02510E-20
253.00 1.09084E-20
254.00 1.20287E-20
255.00 1.25053E-20
256.00 1.32779E-20
257.00 1.34690E-20
258.00 1.50992E-20
259.00 1.63241E-20
260.00 1.70598E-20
261.00 1.74813E-20
262.00 1.85331E-20
263.00 2.09276E-20
264.00 2.20446E-20
265.00 2.34465E-20
266.00 2.39815E-20
267.00 2.51648E-20
268.00 2.70021E-20
269.00 3.11298E-20
270.00 3.14750E-20
271.00 3.16110E-20
272.00 3.24001E-20
273.00 3.74807E-20
274.00 4.03431E-20
275.00 4.20610E-20
276.00 4.16249E-20
277.00 4.45006E-20
278.00 4.69026E-20
279.00 5.14666E-20
280.00 5.56718E-20
281.00 5.64480E-20
282.00 5.71836E-20
283.00 5.69532E-20
284.00 6.53799E-20
285.00 7.06045E-20
286.00 7.56283E-20
287.00 7.54545E-20
288.00 7.64968E-20
289.00 8.12442E-20
290.00 8.85835E-20
291.00 9.42369E-20
292.00 1.03036E-19
293.00 1.03246E-19
294.00 9.89293E-20
295.00 1.08299E-19
296.00 1.06117E-19
297.00 1.27730E-19
298.00 1.34512E-19
299.00 1.28658E-19
300.00 1.31777E-19
301.00 1.29043E-19
302.00 1.42640E-19
303.00 1.57303E-19
304.00 1.61456E-19
305.00 1.65750E-19
306.00 1.62159E-19
307.00 1.73378E-19
308.00 1.73262E-19
309.00 1.89193E-19
310.00 1.93063E-19
311.00 1.98606E-19
312.00 2.07409E-19
313.00 2.15027E-19
314.00 2.07029E-19
315.00 2.25693E-19
316.00 2.22318E-19
317.00 2.32120E-19
318.00 2.54811E-19
319.00 2.46149E-19
320.00 2.62220E-19
321.00 2.61877E-19
322.00 2.65050E-19
323.00 2.81310E-19
324.00 2.77683E-19
325.00 2.92340E-19
326.00 3.05673E-19
327.00 3.05933E-19
328.00 3.14727E-19
329.00 3.14848E-19
330.00 3.32120E-19
331.00 3.24055E-19
332.00 3.32785E-19
333.00 3.83107E-19
334.00 3.47510E-19
335.00 3.60528E-19
336.00 3.61239E-19
337.00 3.71186E-19
338.00 3.60808E-19
339.00 4.19759E-19
340.00 4.04418E-19
341.00 4.27710E-19
342.00 4.21100E-19
343.00 3.79640E-19
344.00 4.08587E-19
345.00 4.21215E-19
346.00 4.39940E-19
347.00 4.61930E-19
348.00 4.76585E-19
349.00 4.98416E-19
350.00 4.29057E-19
351.00 4.69120E-19
352.00 4.56063E-19
353.00 4.37614E-19
354.00 4.98314E-19
355.00 5.40977E-19
356.00 4.79962E-19
357.00 5.46121E-19
358.00 5.43369E-19
359.00 4.89106E-19
360.00 4.80639E-19
361.00 5.36210E-19
362.00 5.25002E-19
363.00 5.32181E-19
364.00 5.20148E-19
365.00 5.88221E-19
366.00 5.88636E-19
367.00 5.40013E-19
368.00 5.70160E-19
369.00 5.50958E-19
370.00 5.57215E-19
371.00 5.37700E-19
372.00 6.05165E-19
373.00 5.97740E-19
374.00 5.62219E-19
375.00 5.54885E-19
376.00 6.34852E-19
377.00 6.20737E-19
378.00 5.45847E-19
379.00 5.64024E-19
380.00 6.45307E-19
381.00 6.22228E-19
382.00 6.01081E-19
383.00 5.70792E-19
384.00 6.05456E-19
385.00 6.33023E-19
386.00 6.08004E-19
387.00 5.95649E-19
388.00 6.24735E-19
389.00 6.27035E-19
390.00 6.30385E-19
391.00 6.23859E-19
392.00 6.56371E-19
393.00 6.07946E-19
394.00 5.77798E-19
395.00 5.93776E-19
396.00 6.50273E-19
397.00 5.81846E-19
398.00 6.43778E-19
399.00 6.43096E-19
400.00 6.47293E-19
401.00 6.75706E-19
402.00 6.17994E-19
403.00 5.65322E-19
404.00 6.04304E-19
405.00 6.36902E-19
406.00 6.03750E-19
407.00 5.40043E-19
408.00 5.97993E-19
409.00 6.71408E-19
410.00 6.48982E-19
411.00 6.34897E-19
412.00 5.62945E-19
413.00 6.58425E-19
414.00 6.61042E-19
415.00 5.89832E-19
416.00 5.18725E-19
417.00 5.30241E-19
418.00 5.70764E-19
419.00 5.83957E-19
420.00 6.13108E-19
421.00 6.13288E-19
422.00 6.21133E-19
423.00 6.08342E-19
424.00 6.38547E-19
425.00 6.07786E-19
426.00 4.94429E-19
427.00 5.11476E-19
428.00 6.02244E-19
429.00 5.21050E-19
430.00 4.94494E-19
431.00 5.96843E-19
432.00 5.21874E-19
433.00 4.92281E-19
434.00 5.75022E-19
435.00 6.41568E-19
436.00 5.95331E-19
437.00 4.87373E-19
438.00 4.23838E-19
439.00 6.14859E-19
440.00 5.88473E-19
441.00 4.35247E-19
442.00 3.86458E-19
443.00 4.24874E-19
444.00 4.85097E-19
445.00 5.99000E-19
446.00 4.88604E-19
447.00 4.41833E-19
448.00 6.18901E-19
449.00 5.23588E-19
450.00 4.31008E-19
451.00 4.46276E-19
452.00 4.47309E-19
453.00 4.51593E-19
454.00 4.05379E-19
455.00 4.36439E-19
456.00 4.12954E-19
457.00 3.74458E-19
458.00 4.81951E-19
459.00 4.28707E-19
460.00 4.44335E-19
461.00 4.50763E-19
462.00 3.84744E-19
463.00 4.83704E-19
464.00 4.72715E-19
465.00 3.82280E-19
466.00 3.00034E-19
467.00 4.04256E-19
468.00 3.91829E-19
469.00 3.37333E-19
470.00 3.17956E-19
471.00 3.17481E-19
472.00 3.30411E-19
473.00 3.41745E-19
474.00 4.58394E-19
475.00 4.48245E-19
476.00 3.66806E-19
477.00 3.22802E-19
478.00 3.13975E-19
479.00 3.30963E-19
480.00 3.83574E-19
481.00 3.43579E-19
482.00 3.10759E-19
483.00 2.51674E-19
484.00 2.40680E-19
485.00 2.66550E-19
486.00 2.72127E-19
487.00 2.49090E-19
488.00 2.98862E-19
489.00 4.07051E-19
490.00 3.31916E-19
491.00 2.49886E-19
492.00 2.42325E-19
493.00 2.55861E-19
494.00 2.98511E-19
495.00 3.20630E-19
496.00 3.06949E-19
497.00 2.78490E-19
498.00 2.08805E-19
499.00 1.73911E-19
500.00 1.55873E-19
501.00 1.75911E-19
502.00 2.04596E-19
503.00 2.55386E-19
504.00 2.33190E-19
505.00 2.98365E-19
506.00 2.30142E-19
507.00 2.10014E-19
508.00 1.95972E-19
509.00 2.34845E-19
510.00 2.58498E-19
511.00 2.39821E-19
512.00 2.29486E-19
513.00 2.15170E-19
514.00 1.75461E-19
515.00 1.58657E-19
516.00 1.48999E-19
517.00 1.33578E-19
518.00 1.47849E-19
519.00 1.84734E-19
520.00 1.81980E-19
521.00 1.56303E-19
522.00 1.41955E-19
523.00 1.48241E-19
524.00 1.46860E-19
525.00 2.00913E-19
526.00 2.13892E-19
527.00 1.85456E-19
528.00 1.73841E-19
529.00 1.53200E-19
530.00 1.47016E-19
531.00 1.50628E-19
532.00 1.54989E-19
533.00 1.52350E-19
534.00 1.27737E-19
535.00 1.02933E-19
536.00 8.54220E-20
537.00 8.59999E-20
538.00 1.01145E-19
539.00 1.25333E-19
540.00 1.02823E-19
541.00 8.75519E-20
542.00 1.28396E-19
543.00 1.45458E-19
544.00 1.33595E-19
545.00 1.37235E-19
546.00 1.22332E-19
547.00 1.09717E-19
548.00 1.32398E-19
549.00 1.29344E-19
550.00 1.13201E-19
551.00 9.53784E-20
552.00 9.22329E-20
553.00 1.08181E-19
554.00 9.79740E-20
555.00 7.92427E-20
556.00 6.38844E-20
557.00 6.43202E-20
558.00 6.56981E-20
559.00 5.63228E-20
560.00 5.39892E-20
561.00 6.34758E-20
562.00 7.10499E-20
563.00 8.61508E-20
564.00 1.12158E-19
565.00 1.09908E-19
566.00 7.49029E-20
567.00 5.95523E-20
568.00 7.90714E-20
569.00 7.63315E-20
570.00 7.93230E-20
571.00 9.99440E-20
572.00 9.64610E-20
573.00 7.54713E-20
574.00 5.86052E-20
575.00 4.81048E-20
576.00 3.80239E-20
577.00 3.40201E-20
578.00 3.94515E-20
579.00 5.45486E-20
580.00 5.53851E-20
581.00 4.45100E-20
582.00 3.66678E-20
583.00 3.60674E-20
584.00 4.04862E-20
585.00 5.41351E-20
586.00 5.59853E-20
587.00 5.08443E-20
588.00 4.20210E-20
589.00 4.28522E-20
590.00 5.40133E-20
591.00 6.03441E-20
592.00 7.09650E-20
593.00 7.12378E-20
594.00 4.97062E-20
595.00 3.50214E-20
596.00 2.90838E-20
597.00 3.17596E-20
598.00 3.37132E-20
599.00 3.83421E-20
600.00 4.44623E-20
601.00 4.56054E-20
602.00 4.02687E-20
603.00 2.85375E-20
604.00 1.82460E-20
605.00 1.70115E-20
606.00 1.88623E-20
607.00 1.85533E-20
608.00 2.02477E-20
609.00 1.99495E-20
610.00 2.01200E-20
611.00 2.52183E-20
612.00 4.16152E-20
613.00 4.75685E-20
614.00 3.43051E-20
615.00 2.98012E-20
616.00 3.39916E-20
617.00 3.96638E-20
618.00 3.26064E-20
619.00 2.33237E-20
620.00 2.75826E-20
621.00 3.19311E-20
622.00 2.20323E-20
623.00 2.22121E-20
624.00 2.31378E-20
625.00 2.21053E-20
626.00 1.96624E-20
627.00 1.71129E-20
628.00 1.40756E-20
629.00 1.34623E-20
630.00 1.13070E-20
631.00 1.19317E-20
632.00 1.38279E-20
633.00 1.26268E-20
634.00 1.45606E-20
635.00 1.37307E-20
636.00 1.44374E-20
637.00 1.50078E-20
638.00 1.54603E-20
639.00 1.37984E-20
640.00 1.50695E-20
641.00 1.59901E-20
642.00 1.89886E-20
643.00 2.13867E-20
644.00 1.78193E-20
645.00 1.58082E-20
646.00 1.89544E-20
647.00 2.58739E-20
648.00 2.16886E-20
649.00 1.27731E-20
650.00 1.23359E-20
651.00 1.37984E-20
652.00 1.22810E-20
653.00 1.05013E-20
654.00 9.06743E-21
655.00 9.65191E-21
656.00 9.66025E-21
657.00 7.71012E-21
658.00 6.74436E-21
659.00 6.93525E-21
660.00 6.82361E-21
661.00 5.33044E-21
662.00 4.22360E-21
663.00 3.81916E-21
664.00 3.92483E-21
665.00 5.27023E-21
666.00 6.82922E-21
667.00 8.27230E-21
668.00 9.94488E-21
669.00 9.86427E-21
670.00 1.09559E-20
671.00 8.92001E-21
672.00 9.23356E-21
673.00 1.04139E-20
674.00 1.16717E-20
675.00 1.00947E-20
676.00 1.04739E-20
677.00 9.91284E-21
678.00 8.11680E-21
679.00 6.83180E-21
680.00 7.43105E-21
681.00 6.66584E-21
682.00 5.14531E-21
683.00 5.17108E-21
684.00 4.93343E-21
685.00 4.93825E-21
686.00 5.75655E-21
687.00 4.85605E-21
688.00 3.62721E-21
689.00 3.33558E-21
690.00 3.23481E-21
691.00 3.08913E-21
692.00 2.88918E-21
693.00 2.51976E-21
694.00 2.50767E-21
695.00 2.69054E-21
696.00 2.75340E-21
697.00 2.61699E-21
698.00 1.94755E-21
699.00 1.78144E-21
700.00 2.48961E-21
701.00 2.58788E-21
702.00 2.76551E-21
703.00 3.17085E-21
704.00 4.25467E-21
705.00 4.93733E-21
706.00 5.77496E-21
707.00 5.76369E-21
708.00 5.84539E-21
709.00 3.86563E-21
710.00 4.21327E-21
711.00 5.41561E-21
712.00 4.88484E-21
713.00 4.52601E-21
714.00 4.34015E-21
715.00 3.46682E-21
716.00 2.34753E-21
717.00 2.12533E-21
718.00 1.81604E-21
719.00 1.62835E-21
720.00 1.50908E-21
721.00 1.76476E-21
722.00 2.02610E-21
723.00 2.14459E-21
724.00 2.04920E-21
725.00 1.51971E-21
726.00 1.10048E-21
727.00 9.34005E-22
728.00 9.20900E-22
729.00 8.58466E-22
730.00 8.38564E-22
731.00 8.26066E-22
732.00 8.80977E-22
733.00 8.72149E-22
734.00 1.12467E-21
735.00 1.48880E-21
736.00 1.32112E-21
737.00 1.27334E-21
738.00 1.14359E-21
739.00 1.43187E-21
740.00 1.29621E-21
741.00 1.30588E-21
742.00 1.07298E-21
743.00 1.47882E-21
744.00 1.96381E-21
745.00 2.83198E-21
746.00 3.30576E-21
747.00 2.60419E-21
748.00 1.34565E-21
749.00 1.05359E-21
750.00 1.22302E-21
751.00 1.39720E-21
752.00 1.47784E-21
753.00 1.45976E-21
754.00 1.54496E-21
755.00 1.39596E-21
756.00 1.42278E-21
757.00 1.07779E-21
758.00 8.79207E-22
759.00 5.95575E-22
760.00 4.90113E-22
761.00 4.01147E-22
762.00 4.26488E-22
763.00 5.28375E-22
764.00 6.10002E-22
765.00 7.35547E-22
766.00 6.84210E-22
767.00 5.98264E-22
768.00 4.71285E-22
769.00 3.91961E-22
770.00 2.58182E-22
771.00 2.36370E-22
772.00 2.24143E-22
773.00 2.41787E-22
774.00 2.45477E-22
775.00 2.74229E-22
776.00 3.36274E-22
777.00 3.86041E-22
778.00 3.95476E-22
779.00 4.02615E-22
780.00 4.13212E-22
781.00 3.87416E-22
782.00 3.99206E-22
783.00 4.35719E-22
784.00 4.36988E-22
785.00 5.38990E-22
786.00 5.11901E-22
787.00 4.95159E-22
788.00 5.71333E-22
789.00 8.71908E-22
790.00 1.08559E-21
791.00 1.19948E-21
792.00 7.55063E-22
793.00 5.52855E-22
794.00 3.76188E-22
795.00 2.60968E-22
796.00 2.28169E-22
797.00 2.10740E-22
798.00 2.67805E-22
799.00 2.71739E-22
800.00 2.97183E-22
801.00 3.39134E-22
802.00 3.72891E-22
803.00 3.34739E-22
804.00 2.80778E-22
805.00 1.29984E-22
806.00 5.23763E-23
807.00 6.22679E-23
808.00 3.76953E-23
809.00 7.10437E-23
810.00 8.55093E-23
811.00 6.79434E-23
812.00 9.26421E-23
813.00 1.17525E-22
814.00 1.23039E-22
815.00 1.31766E-22
816.00 9.70968E-23
817.00 3.80045E-23
818.00 2.22559E-23
819.00 1.30683E-23
820.00 2.71030E-23
821.00 1.46591E-23
822.00 3.63698E-24
823.00 1.32336E-23
824.00 3.99521E-23
825.00 5.79257E-23
826.00 6.04559E-23
827.00 7.10736E-23
828.00 5.20762E-23
829.00 7.61307E-23
830.00 8.37426E-23
831.00 7.70533E-23
832.00 9.29232E-23
833.00 1.13357E-22
834.00 1.56430E-22
835.00 2.03378E-22
836.00 3.00443E-22
837.00 1.28600E-22
838.00 8.71708E-23
839.00 1.12984E-22
840.00 1.67539E-22
841.00 1.64032E-22
842.00 1.54184E-22
843.00 1.68357E-22
844.00 1.79264E-22
845.00 1.67279E-22
846.00 1.01404E-22
847.00 4.62381E-23
848.00 4.67181E-23
849.00 4.29352E-23
850.00 1.07381E-23
851.00 2.90853E-23
852.00 2.12334E-23
853.00 5.00599E-23
854.00 6.78239E-23
855.00 9.44370E-23
856.00 9.69671E-23
857.00 4.02972E-23
858.00 5.79242E-24
859.00 1.34892E-23
860.00 2.94577E-23
861.00 3.40384E-23
862.00 2.93195E-23
863.00 2.36157E-23
864.00 1.39922E-23
865.00 2.13280E-23
866.00 2.22139E-23
867.00 1.91924E-23
868.00 2.99809E-23
869.00 2.62666E-23
870.00 3.21173E-23
871.00 1.35019E-23
872.00 7.18510E-24
873.00 2.53722E-23
874.00 3.96223E-23
875.00 1.35341E-23
876.00 3.03303E-23
877.00 3.31407E-23
878.00 3.97280E-23
879.00 4.95075E-23
880.00 4.66575E-23
881.00 2.28026E-23
882.00 4.89876E-23
883.00 6.64529E-23
884.00 4.45180E-23
885.00 1.63532E-23
886.00 3.95416E-23
887.00 3.55609E-23
888.00 3.97307E-23
889.00 6.40707E-23
890.00 9.48195E-23
891.00 9.93319E-23
892.00 1.47956E-22
893.00 6.15455E-23
894.00 3.35129E-23
895.00 2.33002E-23
896.00 3.12341E-23
897.00 4.58557E-23
898.00 6.16862E-23
899.00 6.93843E-23
900.00 7.28316E-23
901.00 6.84262E-23
902.00 5.11654E-23
903.00 5.50794E-23
904.00 5.36779E-23
905.00 6.19546E-23
906.00 3.13434E-23
907.00 2.52948E-23
908.00 4.41636E-23
909.00 3.04629E-23
910.00 3.77995E-23
911.00 5.56803E-23
912.00 3.42900E-23
913.00 4.24802E-23
914.00 3.94727E-23
915.00 2.48702E-23
916.00 4.96967E-23
917.00 4.38213E-23
918.00 1.93318E-23
919.00 3.33680E-23
920.00 2.87051E-23
921.00 5.37762E-24
922.00 3.31777E-24
923.00 1.46872E-23
924.00 2.33786E-23
925.00 2.77329E-23
926.00 1.36179E-23
927.00 9.43702E-24
928.00 2.63398E-23
929.00 2.95667E-23
930.00 2.61898E-23
931.00 2.28129E-23
932.00 0.00000
933.00 0.00000
934.00 0.00000
935.00 0.00000
936.00 0.00000
937.00 0.00000
938.00 0.00000
939.00 0.00000
940.00 0.00000
941.00 0.00000
942.00 0.00000
943.00 0.00000
944.00 0.00000
945.00 0.00000
946.00 0.00000
947.00 0.00000
948.00 0.00000
949.00 0.00000
950.00 0.00000
951.00 0.00000
952.00 0.00000
953.00 0.00000
954.00 0.00000
955.00 0.00000
956.00 0.00000
957.00 0.00000
958.00 0.00000
959.00 0.00000
960.00 0.00000
961.00 0.00000
962.00 0.00000
963.00 0.00000
964.00 0.00000
965.00 0.00000
966.00 0.00000
967.00 0.00000
968.00 0.00000
969.00 0.00000
970.00 0.00000
971.00 0.00000
972.00 0.00000
973.00 0.00000
974.00 0.00000
975.00 0.00000
976.00 0.00000
977.00 0.00000
978.00 0.00000
979.00 0.00000
980.00 0.00000
981.00 0.00000
982.00 0.00000
983.00 0.00000
984.00 0.00000
985.00 0.00000
986.00 0.00000
987.00 0.00000
988.00 0.00000
989.00 0.00000
990.00 0.00000
991.00 0.00000
992.00 0.00000
993.00 0.00000
994.00 0.00000
995.00 0.00000
996.00 0.00000
997.00 0.00000
998.00 0.00000
999.00 0.00000
1000.0 0.00000
1001.0 0.00000
1002.0 0.00000
1003.0 0.00000
1004.0 0.00000
1005.0 0.00000
1006.0 0.00000
1007.0 0.00000
1008.0 0.00000
1009.0 0.00000
1010.0 0.00000
1011.0 0.00000
1012.0 0.00000
1013.0 0.00000
1014.0 0.00000
1015.0 0.00000
1016.0 0.00000
1017.0 0.00000
1018.0 0.00000
1019.0 0.00000
1020.0 0.00000
1021.0 0.00000
1022.0 0.00000
1023.0 0.00000
1024.0 0.00000
1025.0 0.00000
1026.0 0.00000
1027.0 0.00000
1028.0 0.00000
1029.0 0.00000
1030.0 0.00000
1031.0 0.00000
1032.0 0.00000
1033.0 0.00000
1034.0 0.00000
1035.0 0.00000
1036.0 0.00000
1037.0 0.00000
1038.0 0.00000
1039.0 0.00000
1040.0 0.00000
1041.0 0.00000
1042.0 0.00000
1043.0 0.00000
1044.0 0.00000
1045.0 0.00000
1046.0 0.00000
1047.0 0.00000
1048.0 0.00000
1049.0 0.00000
1050.0 0.00000
1051.0 0.00000
1052.0 0.00000
1053.0 0.00000
1054.0 0.00000
1055.0 0.00000
1056.0 0.00000
1057.0 0.00000
1058.0 0.00000
1059.0 0.00000
1060.0 0.00000
1061.0 0.00000
1062.0 0.00000
1063.0 0.00000
1064.0 0.00000
1065.0 0.00000
1066.0 0.00000
1067.0 0.00000
1068.0 0.00000
1069.0 0.00000
1070.0 0.00000
1071.0 0.00000
1072.0 0.00000
1073.0 0.00000
1074.0 0.00000
1075.0 0.00000
1076.0 0.00000
1077.0 0.00000
1078.0 0.00000
1079.0 0.00000
1080.0 0.00000
1081.0 0.00000
1082.0 0.00000
1083.0 0.00000
1084.0 0.00000
1085.0 0.00000
1086.0 0.00000
1087.0 0.00000
1088.0 0.00000
1089.0 0.00000
1090.0 0.00000
1091.0 0.00000
1092.0 0.00000
1093.0 0.00000
1094.0 0.00000
1095.0 0.00000
1096.0 0.00000
1097.0 0.00000
1098.0 0.00000
1099.0 0.00000
1100.0 0.00000
1101.0 0.00000
1102.0 0.00000
1103.0 0.00000
1104.0 0.00000
1105.0 0.00000
1106.0 0.00000
1107.0 0.00000
1108.0 0.00000
1109.0 0.00000
1110.0 0.00000
1111.0 0.00000
1112.0 0.00000
1113.0 0.00000
1114.0 0.00000
1115.0 0.00000
1116.0 0.00000
1117.0 0.00000
1118.0 0.00000
1119.0 0.00000
1120.0 0.00000
1121.0 0.00000
1122.0 0.00000
1123.0 0.00000
1124.0 0.00000
1125.0 0.00000
1126.0 0.00000
1127.0 0.00000
1128.0 0.00000
1129.0 0.00000
1130.0 0.00000
1131.0 0.00000
1132.0 0.00000
1133.0 0.00000
1134.0 0.00000
1135.0 0.00000
1136.0 0.00000
1137.0 0.00000
1138.0 0.00000
1139.0 0.00000
1140.0 0.00000
1141.0 0.00000
1142.0 0.00000
1143.0 0.00000
1144.0 0.00000
1145.0 0.00000
1146.0 0.00000
1147.0 0.00000
1148.0 0.00000
1149.0 0.00000
1150.0 0.00000
1151.0 0.00000
1152.0 0.00000
1153.0 0.00000
1154.0 0.00000
1155.0 0.00000
1156.0 0.00000
1157.0 0.00000
1158.0 0.00000
1159.0 0.00000
1160.0 0.00000
1161.0 0.00000
1162.0 0.00000
1163.0 0.00000
1164.0 0.00000
1165.0 0.00000
1166.0 0.00000
1167.0 0.00000
1168.0 0.00000
1169.0 0.00000
1170.0 0.00000
1171.0 0.00000
1172.0 0.00000
1173.0 0.00000
1174.0 0.00000
1175.0 0.00000
1176.0 0.00000
1177.0 0.00000
1178.0 0.00000
1179.0 0.00000
1180.0 0.00000
1181.0 0.00000
1182.0 0.00000
1183.0 0.00000
1184.0 0.00000
1185.0 0.00000
1186.0 0.00000
1187.0 0.00000
1188.0 0.00000
1189.0 0.00000
1190.0 0.00000
1191.0 0.00000
1192.0 0.00000
1193.0 0.00000
1194.0 0.00000
1195.0 0.00000
1196.0 0.00000
1197.0 0.00000
1198.0 0.00000
1199.0 0.00000
1200.0 0.00000
1201.0 0.00000
1202.0 0.00000
1203.0 0.00000
1204.0 0.00000
1205.0 0.00000
1206.0 0.00000
1207.0 0.00000
1208.0 0.00000
1209.0 0.00000
1210.0 0.00000
1211.0 0.00000
1212.0 0.00000
1213.0 0.00000
1214.0 0.00000
1215.0 0.00000
1216.0 0.00000
1217.0 0.00000
1218.0 0.00000
1219.0 0.00000
1220.0 0.00000
1221.0 0.00000
1222.0 0.00000
1223.0 0.00000
1224.0 0.00000
1225.0 0.00000
1226.0 0.00000
1227.0 0.00000
1228.0 0.00000
1229.0 0.00000
1230.0 0.00000
1231.0 0.00000
1232.0 0.00000
1233.0 0.00000
1234.0 0.00000
1235.0 0.00000
1236.0 0.00000
1237.0 0.00000
1238.0 0.00000
1239.0 0.00000
1240.0 0.00000
1241.0 0.00000
1242.0 0.00000
1243.0 0.00000
1244.0 0.00000
1245.0 0.00000
1246.0 0.00000
1247.0 0.00000
1248.0 0.00000
1249.0 0.00000
1250.0 0.00000
1251.0 0.00000
1252.0 0.00000
1253.0 0.00000
1254.0 0.00000
1255.0 0.00000
1256.0 0.00000
1257.0 0.00000
1258.0 0.00000
1259.0 0.00000
1260.0 0.00000
1261.0 0.00000
1262.0 0.00000
1263.0 0.00000
1264.0 0.00000
1265.0 0.00000
1266.0 0.00000
1267.0 0.00000
1268.0 0.00000
1269.0 0.00000
1270.0 0.00000
1271.0 0.00000
1272.0 0.00000
1273.0 0.00000
1274.0 0.00000
1275.0 0.00000
1276.0 0.00000
1277.0 0.00000
1278.0 0.00000
1279.0 0.00000
1280.0 0.00000
1281.0 0.00000
1282.0 0.00000
1283.0 0.00000
1284.0 0.00000
1285.0 0.00000
1286.0 0.00000
1287.0 0.00000
1288.0 0.00000
1289.0 0.00000
1290.0 0.00000
1291.0 0.00000
1292.0 0.00000
1293.0 0.00000
1294.0 0.00000
1295.0 0.00000
1296.0 0.00000
1297.0 0.00000
1298.0 0.00000
1299.0 0.00000
1300.0 0.00000
1301.0 0.00000
1302.0 0.00000
1303.0 0.00000
1304.0 0.00000
1305.0 0.00000
1306.0 0.00000
1307.0 0.00000
1308.0 0.00000
1309.0 0.00000
1310.0 0.00000
1311.0 0.00000
1312.0 0.00000
1313.0 0.00000
1314.0 0.00000
1315.0 0.00000
1316.0 0.00000
1317.0 0.00000
1318.0 0.00000
1319.0 0.00000
1320.0 0.00000
1321.0 0.00000
1322.0 0.00000
1323.0 0.00000
1324.0 0.00000
1325.0 0.00000
1326.0 0.00000
1327.0 0.00000
1328.0 0.00000
1329.0 0.00000
1330.0 0.00000
1331.0 0.00000
1332.0 0.00000
1333.0 0.00000
1334.0 0.00000
1335.0 0.00000
1336.0 0.00000
1337.0 0.00000
1338.0 0.00000
1339.0 0.00000
1340.0 0.00000
1341.0 0.00000
1342.0 0.00000
1343.0 0.00000
1344.0 0.00000
1345.0 0.00000
1346.0 0.00000
1347.0 0.00000
1348.0 0.00000
1349.0 0.00000
1350.0 0.00000
1351.0 0.00000
1352.0 0.00000
1353.0 0.00000
1354.0 0.00000
1355.0 0.00000
1356.0 0.00000
1357.0 0.00000
1358.0 0.00000
1359.0 0.00000
1360.0 0.00000
1361.0 0.00000
1362.0 0.00000
1363.0 0.00000
1364.0 0.00000
1365.0 0.00000
1366.0 0.00000
1367.0 0.00000
1368.0 0.00000
1369.0 0.00000
1370.0 0.00000
1371.0 0.00000
1372.0 0.00000
1373.0 0.00000
1374.0 0.00000
1375.0 0.00000
1376.0 0.00000
1377.0 0.00000
1378.0 0.00000
1379.0 0.00000
1380.0 0.00000
1381.0 0.00000
1382.0 0.00000
1383.0 0.00000
1384.0 0.00000
1385.0 0.00000
1386.0 0.00000
1387.0 0.00000
1388.0 0.00000
1389.0 0.00000
1390.0 0.00000
1391.0 0.00000
1392.0 0.00000
1393.0 0.00000
1394.0 0.00000
1395.0 0.00000
1396.0 0.00000
1397.0 0.00000
1398.0 0.00000
1399.0 0.00000
1400.0 0.00000
1401.0 0.00000
1402.0 0.00000
1403.0 0.00000
1404.0 0.00000
1405.0 0.00000
1406.0 0.00000
1407.0 0.00000
1408.0 0.00000
1409.0 0.00000
1410.0 0.00000
1411.0 0.00000
1412.0 0.00000
1413.0 0.00000
1414.0 0.00000
1415.0 0.00000
1416.0 0.00000
1417.0 0.00000
1418.0 0.00000
1419.0 0.00000
1420.0 0.00000
1421.0 0.00000
1422.0 0.00000
1423.0 0.00000
1424.0 0.00000
1425.0 0.00000
1426.0 0.00000
1427.0 0.00000
1428.0 0.00000
1429.0 0.00000
1430.0 0.00000
1431.0 0.00000
1432.0 0.00000
1433.0 0.00000
1434.0 0.00000
1435.0 0.00000
1436.0 0.00000
1437.0 0.00000
1438.0 0.00000
1439.0 0.00000
1440.0 0.00000
1441.0 0.00000
1442.0 0.00000
1443.0 0.00000
1444.0 0.00000
1445.0 0.00000
1446.0 0.00000
1447.0 0.00000
1448.0 0.00000
1449.0 0.00000
1450.0 0.00000
1451.0 0.00000
1452.0 0.00000
1453.0 0.00000
1454.0 0.00000
1455.0 0.00000
1456.0 0.00000
1457.0 0.00000
1458.0 0.00000
1459.0 0.00000
1460.0 0.00000
1461.0 0.00000
1462.0 0.00000
1463.0 0.00000
1464.0 0.00000
1465.0 0.00000
1466.0 0.00000
1467.0 0.00000
1468.0 0.00000
1469.0 0.00000
1470.0 0.00000
1471.0 0.00000
1472.0 0.00000
1473.0 0.00000
1474.0 0.00000
1475.0 0.00000
1476.0 0.00000
1477.0 0.00000
1478.0 0.00000
1479.0 0.00000
1480.0 0.00000
1481.0 0.00000
1482.0 0.00000
1483.0 0.00000
1484.0 0.00000
1485.0 0.00000
1486.0 0.00000
1487.0 0.00000
1488.0 0.00000
1489.0 0.00000
1490.0 0.00000
1491.0 0.00000
1492.0 0.00000
1493.0 0.00000
1494.0 0.00000
1495.0 0.00000
1496.0 0.00000
1497.0 0.00000
1498.0 0.00000
1499.0 0.00000
1500.0 0.00000
1501.0 0.00000
1502.0 0.00000
1503.0 0.00000
1504.0 0.00000
1505.0 0.00000
1506.0 0.00000
1507.0 0.00000
1508.0 0.00000
1509.0 0.00000
1510.0 0.00000
1511.0 0.00000
1512.0 0.00000
1513.0 0.00000
1514.0 0.00000
1515.0 0.00000
1516.0 0.00000
1517.0 0.00000
1518.0 0.00000
1519.0 0.00000
1520.0 0.00000
1521.0 0.00000
1522.0 0.00000
1523.0 0.00000
1524.0 0.00000
1525.0 0.00000
1526.0 0.00000
1527.0 0.00000
1528.0 0.00000
1529.0 0.00000
1530.0 0.00000
1531.0 0.00000
1532.0 0.00000
1533.0 0.00000
1534.0 0.00000
1535.0 0.00000
1536.0 0.00000
1537.0 0.00000
1538.0 0.00000
1539.0 0.00000
1540.0 0.00000
1541.0 0.00000
1542.0 0.00000
1543.0 0.00000
1544.0 0.00000
1545.0 0.00000
1546.0 0.00000
1547.0 0.00000
1548.0 0.00000
1549.0 0.00000
1550.0 0.00000
1551.0 0.00000
1552.0 0.00000
1553.0 0.00000
1554.0 0.00000
1555.0 0.00000
1556.0 0.00000
1557.0 0.00000
1558.0 0.00000
1559.0 0.00000
1560.0 0.00000
1561.0 0.00000
1562.0 0.00000
1563.0 0.00000
1564.0 0.00000
1565.0 0.00000
1566.0 0.00000
1567.0 0.00000
1568.0 0.00000
1569.0 0.00000
1570.0 0.00000
1571.0 0.00000
1572.0 0.00000
1573.0 0.00000
1574.0 0.00000
1575.0 0.00000
1576.0 0.00000
1577.0 0.00000
1578.0 0.00000
1579.0 0.00000
1580.0 0.00000
1581.0 0.00000
1582.0 0.00000
1583.0 0.00000
1584.0 0.00000
1585.0 0.00000
1586.0 0.00000
1587.0 0.00000
1588.0 0.00000
1589.0 0.00000
1590.0 0.00000
1591.0 0.00000
1592.0 0.00000
1593.0 0.00000
1594.0 0.00000
1595.0 0.00000
1596.0 0.00000
1597.0 0.00000
1598.0 0.00000
1599.0 0.00000
1600.0 0.00000
1601.0 0.00000
1602.0 0.00000
1603.0 0.00000
1604.0 0.00000
1605.0 0.00000
1606.0 0.00000
1607.0 0.00000
1608.0 0.00000
1609.0 0.00000
1610.0 0.00000
1611.0 0.00000
1612.0 0.00000
1613.0 0.00000
1614.0 0.00000
1615.0 0.00000
1616.0 0.00000
1617.0 0.00000
1618.0 0.00000
1619.0 0.00000
1620.0 0.00000
1621.0 0.00000
1622.0 0.00000
1623.0 0.00000
1624.0 0.00000
1625.0 0.00000
1626.0 0.00000
1627.0 0.00000
1628.0 0.00000
1629.0 0.00000
1630.0 0.00000
1631.0 0.00000
1632.0 0.00000
1633.0 0.00000
1634.0 0.00000
1635.0 0.00000
1636.0 0.00000
1637.0 0.00000
1638.0 0.00000
1639.0 0.00000
1640.0 0.00000
1641.0 0.00000
1642.0 0.00000
1643.0 0.00000
1644.0 0.00000
1645.0 0.00000
1646.0 0.00000
1647.0 0.00000
1648.0 0.00000
1649.0 0.00000
1650.0 0.00000
1651.0 0.00000
1652.0 0.00000
1653.0 0.00000
1654.0 0.00000
1655.0 0.00000
1656.0 0.00000
1657.0 0.00000
1658.0 0.00000
1659.0 0.00000
1660.0 0.00000
1661.0 0.00000
1662.0 0.00000
1663.0 0.00000
1664.0 0.00000
1665.0 0.00000
1666.0 0.00000
1667.0 0.00000
1668.0 0.00000
1669.0 0.00000
1670.0 0.00000
1671.0 0.00000
1672.0 0.00000
1673.0 0.00000
1674.0 0.00000
1675.0 0.00000
1676.0 0.00000
1677.0 0.00000
1678.0 0.00000
1679.0 0.00000
1680.0 0.00000
1681.0 0.00000
1682.0 0.00000
1683.0 0.00000
1684.0 0.00000
1685.0 0.00000
1686.0 0.00000
1687.0 0.00000
1688.0 0.00000
1689.0 0.00000
1690.0 0.00000
1691.0 0.00000
1692.0 0.00000
1693.0 0.00000
1694.0 0.00000
1695.0 0.00000
1696.0 0.00000
1697.0 0.00000
1698.0 0.00000
1699.0 0.00000
1700.0 0.00000
1701.0 0.00000
1702.0 0.00000
1703.0 0.00000
1704.0 0.00000
1705.0 0.00000
1706.0 0.00000
1707.0 0.00000
1708.0 0.00000
1709.0 0.00000
1710.0 0.00000
1711.0 0.00000
1712.0 0.00000
1713.0 0.00000
1714.0 0.00000
1715.0 0.00000
1716.0 0.00000
1717.0 0.00000
1718.0 0.00000
1719.0 0.00000
1720.0 0.00000
1721.0 0.00000
1722.0 0.00000
1723.0 0.00000
1724.0 0.00000
1725.0 0.00000
1726.0 0.00000
1727.0 0.00000
1728.0 0.00000
1729.0 0.00000
1730.0 0.00000
1731.0 0.00000
1732.0 0.00000
1733.0 0.00000
1734.0 0.00000
1735.0 0.00000
1736.0 0.00000
1737.0 0.00000
1738.0 0.00000
1739.0 0.00000
1740.0 0.00000
1741.0 0.00000
1742.0 0.00000
1743.0 0.00000
1744.0 0.00000
1745.0 0.00000
1746.0 0.00000
1747.0 0.00000
1748.0 0.00000
1749.0 0.00000
1750.0 0.00000
1751.0 0.00000
1752.0 0.00000
1753.0 0.00000
1754.0 0.00000
1755.0 0.00000
1756.0 0.00000
1757.0 0.00000
1758.0 0.00000
1759.0 0.00000
1760.0 0.00000
1761.0 0.00000
1762.0 0.00000
1763.0 0.00000
1764.0 0.00000
1765.0 0.00000
1766.0 0.00000
1767.0 0.00000
1768.0 0.00000
1769.0 0.00000
1770.0 0.00000
1771.0 0.00000
1772.0 0.00000
1773.0 0.00000
1774.0 0.00000
1775.0 0.00000
1776.0 0.00000
1777.0 0.00000
1778.0 0.00000
1779.0 0.00000
1780.0 0.00000
1781.0 0.00000
1782.0 0.00000
1783.0 0.00000
1784.0 0.00000
1785.0 0.00000
1786.0 0.00000
1787.0 0.00000
1788.0 0.00000
1789.0 0.00000
1790.0 0.00000
1791.0 0.00000
1792.0 0.00000
1793.0 0.00000
1794.0 0.00000
1795.0 0.00000
1796.0 0.00000
1797.0 0.00000
1798.0 0.00000
1799.0 0.00000
1800.0 0.00000
1801.0 0.00000
1802.0 0.00000
1803.0 0.00000
1804.0 0.00000
1805.0 0.00000
1806.0 0.00000
1807.0 0.00000
1808.0 0.00000
1809.0 0.00000
1810.0 0.00000
1811.0 0.00000
1812.0 0.00000
1813.0 0.00000
1814.0 0.00000
1815.0 0.00000
1816.0 0.00000
1817.0 0.00000
1818.0 0.00000
1819.0 0.00000
1820.0 0.00000
1821.0 0.00000
1822.0 0.00000
1823.0 0.00000
1824.0 0.00000
1825.0 0.00000
1826.0 0.00000
1827.0 0.00000
1828.0 0.00000
1829.0 0.00000
1830.0 0.00000
1831.0 0.00000
1832.0 0.00000
1833.0 0.00000
1834.0 0.00000
1835.0 0.00000
1836.0 0.00000
1837.0 0.00000
1838.0 0.00000
1839.0 0.00000
1840.0 0.00000
1841.0 0.00000
1842.0 0.00000
1843.0 0.00000
1844.0 0.00000
1845.0 0.00000
1846.0 0.00000
1847.0 0.00000
1848.0 0.00000
1849.0 0.00000
1850.0 0.00000
1851.0 0.00000
1852.0 0.00000
1853.0 0.00000
1854.0 0.00000
1855.0 0.00000
1856.0 0.00000
1857.0 0.00000
1858.0 0.00000
1859.0 0.00000
1860.0 0.00000
1861.0 0.00000
1862.0 0.00000
1863.0 0.00000
1864.0 0.00000
1865.0 0.00000
1866.0 0.00000
1867.0 0.00000
1868.0 0.00000
1869.0 0.00000
1870.0 0.00000
1871.0 0.00000
1872.0 0.00000
1873.0 0.00000
1874.0 0.00000
1875.0 0.00000
1876.0 0.00000
1877.0 0.00000
1878.0 0.00000
1879.0 0.00000
1880.0 0.00000
1881.0 0.00000
1882.0 0.00000
1883.0 0.00000
1884.0 0.00000
1885.0 0.00000
1886.0 0.00000
1887.0 0.00000
1888.0 0.00000
1889.0 0.00000
1890.0 0.00000
1891.0 0.00000
1892.0 0.00000
1893.0 0.00000
1894.0 0.00000
1895.0 0.00000
1896.0 0.00000
1897.0 0.00000
1898.0 0.00000
1899.0 0.00000
1900.0 0.00000
1901.0 0.00000
1902.0 0.00000
1903.0 0.00000
1904.0 0.00000
1905.0 0.00000
1906.0 0.00000
1907.0 0.00000
1908.0 0.00000
1909.0 0.00000
1910.0 0.00000
1911.0 0.00000
1912.0 0.00000
1913.0 0.00000
1914.0 0.00000
1915.0 0.00000
1916.0 0.00000
1917.0 0.00000
1918.0 0.00000
1919.0 0.00000
1920.0 0.00000
1921.0 0.00000
1922.0 0.00000
1923.0 0.00000
1924.0 0.00000
1925.0 0.00000
1926.0 0.00000
1927.0 0.00000
1928.0 0.00000
1929.0 0.00000
1930.0 0.00000
1931.0 0.00000
1932.0 0.00000
1933.0 0.00000
1934.0 0.00000
1935.0 0.00000
1936.0 0.00000
1937.0 0.00000
1938.0 0.00000
1939.0 0.00000
1940.0 0.00000
1941.0 0.00000
1942.0 0.00000
1943.0 0.00000
1944.0 0.00000
1945.0 0.00000
1946.0 0.00000
1947.0 0.00000
1948.0 0.00000
1949.0 0.00000
1950.0 0.00000
1951.0 0.00000
1952.0 0.00000
1953.0 0.00000
1954.0 0.00000
1955.0 0.00000
1956.0 0.00000
1957.0 0.00000
1958.0 0.00000
1959.0 0.00000
1960.0 0.00000
1961.0 0.00000
1962.0 0.00000
1963.0 0.00000
1964.0 0.00000
1965.0 0.00000
1966.0 0.00000
1967.0 0.00000
1968.0 0.00000
1969.0 0.00000
1970.0 0.00000
1971.0 0.00000
1972.0 0.00000
1973.0 0.00000
1974.0 0.00000
1975.0 0.00000
1976.0 0.00000
1977.0 0.00000
1978.0 0.00000
1979.0 0.00000
1980.0 0.00000
1981.0 0.00000
1982.0 0.00000
1983.0 0.00000
1984.0 0.00000
1985.0 0.00000
1986.0 0.00000
1987.0 0.00000
1988.0 0.00000
1989.0 0.00000
1990.0 0.00000
1991.0 0.00000
1992.0 0.00000
1993.0 0.00000
1994.0 0.00000
1995.0 0.00000
1996.0 0.00000
1997.0 0.00000
1998.0 0.00000
1999.0 0.00000
2000.0 0.00000
2001.0 0.00000
2002.0 0.00000
2003.0 0.00000
2004.0 0.00000
2005.0 0.00000
2006.0 0.00000
2007.0 0.00000
2008.0 0.00000
2009.0 0.00000
2010.0 0.00000
2011.0 0.00000
2012.0 0.00000
2013.0 0.00000
2014.0 0.00000
2015.0 0.00000
2016.0 0.00000
2017.0 0.00000
2018.0 0.00000
2019.0 0.00000
2020.0 0.00000
2021.0 0.00000
2022.0 0.00000
2023.0 0.00000
2024.0 0.00000
2025.0 0.00000
2026.0 0.00000
2027.0 0.00000
2028.0 0.00000
2029.0 0.00000
2030.0 0.00000
2031.0 0.00000
2032.0 0.00000
2033.0 0.00000
2034.0 0.00000
2035.0 0.00000
2036.0 0.00000
2037.0 0.00000
2038.0 0.00000
2039.0 0.00000
2040.0 0.00000
2041.0 0.00000
2042.0 0.00000
2043.0 0.00000
2044.0 0.00000
2045.0 0.00000
2046.0 0.00000
2047.0 0.00000
2048.0 0.00000
2049.0 0.00000
2050.0 0.00000
2051.0 0.00000
2052.0 0.00000
2053.0 0.00000
2054.0 0.00000
2055.0 0.00000
2056.0 0.00000
2057.0 0.00000
2058.0 0.00000
2059.0 0.00000
2060.0 0.00000
2061.0 0.00000
2062.0 0.00000
2063.0 0.00000
2064.0 0.00000
2065.0 0.00000
2066.0 0.00000
2067.0 0.00000
2068.0 0.00000
2069.0 0.00000
2070.0 0.00000
2071.0 0.00000
2072.0 0.00000
2073.0 0.00000
2074.0 0.00000
2075.0 0.00000
2076.0 0.00000
2077.0 0.00000
2078.0 0.00000
2079.0 0.00000
2080.0 0.00000
2081.0 0.00000
2082.0 0.00000
2083.0 0.00000
2084.0 0.00000
2085.0 0.00000
2086.0 0.00000
2087.0 0.00000
2088.0 0.00000
2089.0 0.00000
2090.0 0.00000
2091.0 0.00000
2092.0 0.00000
2093.0 0.00000
2094.0 0.00000
2095.0 0.00000
2096.0 0.00000
2097.0 0.00000
2098.0 0.00000
2099.0 0.00000
2100.0 0.00000
2101.0 0.00000
2102.0 0.00000
2103.0 0.00000
2104.0 0.00000
2105.0 0.00000
2106.0 0.00000
2107.0 0.00000
2108.0 0.00000
2109.0 0.00000
2110.0 0.00000
2111.0 0.00000
2112.0 0.00000
2113.0 0.00000
2114.0 0.00000
2115.0 0.00000
2116.0 0.00000
2117.0 0.00000
2118.0 0.00000
2119.0 0.00000
2120.0 0.00000
2121.0 0.00000
2122.0 0.00000
2123.0 0.00000
2124.0 0.00000
2125.0 0.00000
2126.0 0.00000
2127.0 0.00000
2128.0 0.00000
2129.0 0.00000
2130.0 0.00000
2131.0 0.00000
2132.0 0.00000
2133.0 0.00000
2134.0 0.00000
2135.0 0.00000
2136.0 0.00000
2137.0 0.00000
2138.0 0.00000
2139.0 0.00000
2140.0 0.00000
2141.0 0.00000
2142.0 0.00000
2143.0 0.00000
2144.0 0.00000
2145.0 0.00000
2146.0 0.00000
2147.0 0.00000
2148.0 0.00000
2149.0 0.00000
2150.0 0.00000
2151.0 0.00000
2152.0 0.00000
2153.0 0.00000
2154.0 0.00000
2155.0 0.00000
2156.0 0.00000
2157.0 0.00000
2158.0 0.00000
2159.0 0.00000
2160.0 0.00000
2161.0 0.00000
2162.0 0.00000
2163.0 0.00000
2164.0 0.00000
2165.0 0.00000
2166.0 0.00000
2167.0 0.00000
2168.0 0.00000
2169.0 0.00000
2170.0 0.00000
2171.0 0.00000
2172.0 0.00000
2173.0 0.00000
2174.0 0.00000
2175.0 0.00000
2176.0 0.00000
2177.0 0.00000
2178.0 0.00000
2179.0 0.00000
2180.0 0.00000
2181.0 0.00000
2182.0 0.00000
2183.0 0.00000
2184.0 0.00000
2185.0 0.00000
2186.0 0.00000
2187.0 0.00000
2188.0 0.00000
2189.0 0.00000
2190.0 0.00000
2191.0 0.00000
2192.0 0.00000
2193.0 0.00000
2194.0 0.00000
2195.0 0.00000
2196.0 0.00000
2197.0 0.00000
2198.0 0.00000
2199.0 0.00000
2200.0 0.00000
2201.0 0.00000
2202.0 0.00000
2203.0 0.00000
2204.0 0.00000
2205.0 0.00000
2206.0 0.00000
2207.0 0.00000
2208.0 0.00000
2209.0 0.00000
2210.0 0.00000
2211.0 0.00000
2212.0 0.00000
2213.0 0.00000
2214.0 0.00000
2215.0 0.00000
2216.0 0.00000
2217.0 0.00000
2218.0 0.00000
2219.0 0.00000
2220.0 0.00000
2221.0 0.00000
2222.0 0.00000
2223.0 0.00000
2224.0 0.00000
2225.0 0.00000
2226.0 0.00000
2227.0 0.00000
2228.0 0.00000
2229.0 0.00000
2230.0 0.00000
2231.0 0.00000
2232.0 0.00000
2233.0 0.00000
2234.0 0.00000
2235.0 0.00000
2236.0 0.00000
2237.0 0.00000
2238.0 0.00000
2239.0 0.00000
2240.0 0.00000
2241.0 0.00000
2242.0 0.00000
2243.0 0.00000
2244.0 0.00000
2245.0 0.00000
2246.0 0.00000
2247.0 0.00000
2248.0 0.00000
2249.0 0.00000
2250.0 0.00000
2251.0 0.00000
2252.0 0.00000
2253.0 0.00000
2254.0 0.00000
2255.0 0.00000
2256.0 0.00000
2257.0 0.00000
2258.0 0.00000
2259.0 0.00000
2260.0 0.00000
2261.0 0.00000
2262.0 0.00000
2263.0 0.00000
2264.0 0.00000
2265.0 0.00000
2266.0 0.00000
2267.0 0.00000
2268.0 0.00000
2269.0 0.00000
2270.0 0.00000
2271.0 0.00000
2272.0 0.00000
2273.0 0.00000
2274.0 0.00000
2275.0 0.00000
2276.0 0.00000
2277.0 0.00000
2278.0 0.00000
2279.0 0.00000
2280.0 0.00000
2281.0 0.00000
2282.0 0.00000
2283.0 0.00000
2284.0 0.00000
2285.0 0.00000
2286.0 0.00000
2287.0 0.00000
2288.0 0.00000
2289.0 0.00000
2290.0 0.00000
2291.0 0.00000
2292.0 0.00000
2293.0 0.00000
2294.0 0.00000
2295.0 0.00000
2296.0 0.00000
2297.0 0.00000
2298.0 0.00000
2299.0 0.00000
2300.0 0.00000
2301.0 0.00000
2302.0 0.00000
2303.0 0.00000
2304.0 0.00000
2305.0 0.00000
2306.0 0.00000
2307.0 0.00000
2308.0 0.00000
2309.0 0.00000
2310.0 0.00000
2311.0 0.00000
2312.0 0.00000
2313.0 0.00000
2314.0 0.00000
2315.0 0.00000
2316.0 0.00000
2317.0 0.00000
2318.0 0.00000
2319.0 0.00000
2320.0 0.00000
2321.0 0.00000
2322.0 0.00000
2323.0 0.00000
2324.0 0.00000
2325.0 0.00000
2326.0 0.00000
2327.0 0.00000
2328.0 0.00000
2329.0 0.00000
2330.0 0.00000
2331.0 0.00000
2332.0 0.00000
2333.0 0.00000
2334.0 0.00000
2335.0 0.00000
2336.0 0.00000
2337.0 0.00000
2338.0 0.00000
2339.0 0.00000
2340.0 0.00000
2341.0 0.00000
2342.0 0.00000
2343.0 0.00000
2344.0 0.00000
2345.0 0.00000
2346.0 0.00000
2347.0 0.00000
2348.0 0.00000
2349.0 0.00000
2350.0 0.00000
2351.0 0.00000
2352.0 0.00000
2353.0 0.00000
2354.0 0.00000
2355.0 0.00000
2356.0 0.00000
2357.0 0.00000
2358.0 0.00000
2359.0 0.00000
2360.0 0.00000
2361.0 0.00000
2362.0 0.00000
2363.0 0.00000
2364.0 0.00000
2365.0 0.00000
2366.0 0.00000
2367.0 0.00000
2368.0 0.00000
2369.0 0.00000
2370.0 0.00000
2371.0 0.00000
2372.0 0.00000
2373.0 0.00000
2374.0 0.00000
2375.0 0.00000
2376.0 0.00000
2377.0 0.00000
2378.0 0.00000
2379.0 0.00000
2380.0 0.00000
2381.0 0.00000
2382.0 0.00000
2383.0 0.00000
2384.0 0.00000
2385.0 0.00000
2386.0 0.00000
2387.0 0.00000
2388.0 0.00000
2389.0 0.00000
2390.0 0.00000
2391.0 0.00000
2392.0 0.00000
2393.0 0.00000
2394.0 0.00000
2395.0 0.00000
2396.0 0.00000
2397.0 0.00000
2398.0 0.00000
2399.0 0.00000
2400.0 0.00000
2401.0 0.00000
2402.0 0.00000
2403.0 0.00000
2404.0 0.00000
2405.0 0.00000
2406.0 0.00000
2407.0 0.00000
2408.0 0.00000
2409.0 0.00000
2410.0 0.00000
2411.0 0.00000
2412.0 0.00000
2413.0 0.00000
2414.0 0.00000
2415.0 0.00000
2416.0 0.00000
2417.0 0.00000
2418.0 0.00000
2419.0 0.00000
2420.0 0.00000
2421.0 0.00000
2422.0 0.00000
2423.0 0.00000
2424.0 0.00000
2425.0 0.00000
2426.0 0.00000
2427.0 0.00000
2428.0 0.00000
2429.0 0.00000
2430.0 0.00000
2431.0 0.00000
2432.0 0.00000
2433.0 0.00000
2434.0 0.00000
2435.0 0.00000
2436.0 0.00000
2437.0 0.00000
2438.0 0.00000
2439.0 0.00000
2440.0 0.00000
2441.0 0.00000
2442.0 0.00000
2443.0 0.00000
2444.0 0.00000
2445.0 0.00000
2446.0 0.00000
2447.0 0.00000
2448.0 0.00000
2449.0 0.00000
2450.0 0.00000