350	0	0	0	0	0	0	0	0	0	0	0	0	0	0	0	3.16E-166	3.47E-67
351	0	0	0	0	0	0	0	0	0	0	0	0	0	0	0	2.20E-159	7.03E-63
352	0	0	0	0	0	0	0	0	0	0	0	0	0	0	0	1.10E-152	1.02E-58
353	0	0	0	0	0	0	0	0	0	0	0	0	0	0	0	3.91E-146	1.06E-54
354	0	0	0	0	0	0	0	0	0	0	0	0	0	0	0	1.00E-139	7.92E-51
355	0	0	0	0	0	0	0	0	0	0	0	0	0	0	0	1.84E-133	4.23E-47
356	0	0	0	0	0	0	0	0	0	0	0	0	0	0	0	2.41E-127	1.62E-43
357	0	0	0	0	0	0	0	0	0	0	0	0	0	0	0	2.27E-121	4.44E-40
358	0	0	0	0	0	0	0	0	0	0	0	0	0	0	0	1.53E-115	8.73E-37
359	0	0	0	0	0	0	0	0	0	0	0	0	0	0	0	7.40E-110	1.23E-33
360	0	0	0	0	0	0	0	0	0	0	0	0	0	0	0	2.56E-104	1.24E-30
361	0	0	0	0	0	0	0	0	0	0	0	0	0	0	0	6.36E-99	8.96E-28
362	0	0	0	0	0	0	0	0	0	0	0	0	0	0	0	1.13E-93	4.64E-25
363	0	0	0	0	0	0	0	0	0	0	0	0	0	0	0	1.44E-88	1.72E-22
364	0	0	0	0	0	0	0	0	0	0	0	0	0	0	3.468e-319	1.31E-83	4.59E-20
365	0	0	0	0	0	0	0	0	0	0	0	0	0	0	0.00E+00	8.59E-79	8.74E-18
366	0	0	0	0	0	0	0	0	0	0	0	0	0	0	2.78E-300	4.03E-74	1.19E-15
367	0	0	0	0	0	0	0	0	0	0	0	0	0	0	4.78E-291	1.35E-69	1.17E-13
368	0	0	0	0	0	0	0	0	0	0	0	0	0	0	5.88E-282	3.25E-65	8.19E-12
369	0	0	0	0	0	0	0	0	0	0	0	0	0	0	5.18E-273	5.61E-61	4.11E-10
370	0	0	0	0	0	0	0	0	0	0	0	0	0	0	3.28E-264	6.93E-57	1.48E-08
371	0	0	0	0	0	0	0	0	0	0	0	0	0	0	1.48E-255	6.13E-53	3.82E-07
372	0	0	0	0	0	0	0	0	0	0	0	0	0	0	4.81E-247	3.89E-49	7.06E-06
373	0	0	0	0	0	0	0	0	0	0	0	0	0	0	1.12E-238	1.77E-45	9.35E-05
374	0	0	0	0	0	0	0	0	0	0	0	0	0	0	1.86E-230	5.76E-42	0.0008883
375	0	0	0	0	0	0	0	0	0	0	0	0	0	0	2.22E-222	1.34E-38	0.006054
376	0	0	0	0	0	0	0	0	0	0	0	0	0	0	1.90E-214	2.25E-35	0.02966
377	0	0	0	0	0	0	0	0	0	0	0	0	0	0	1.17E-206	2.69E-32	0.1049
378	0	0	0	0	0	0	0	0	0	0	0	0	0	0	5.11E-199	2.31E-29	0.27
379	0	0	0	0	0	0	0	0	0	0	0	0	0	0	1.61E-191	1.42E-26	0.5162
380	0	0	0	0	0	0	0	0	0	0	0	0	0	0	3.63E-184	6.26E-24	0.761
381	0	0	0	0	0	0	0	0	0	0	0	0	0	0	5.86E-177	1.98E-21	0.9209
382	0	0	0	0	0	0	0	0	0	0	0	0	0	0	6.78E-170	4.47E-19	0.9877
383	0	0	0	0	0	0	0	0	0	0	0	0	0	0	5.62E-163	7.25E-17	1
384	0	0	0	0	0	0	0	0	0	0	0	0	0	0	3.34E-156	8.42E-15	0.9902
385	0	0	0	0	0	0	0	0	0	0	0	0	0	0	1.42E-149	7.01E-13	0.9739
386	0	0	0	0	0	0	0	0	0	0	0	0	0	0	4.34E-143	4.18E-11	0.9544
387	0	0	0	0	0	0	0	0	0	0	0	0	0	0	9.48E-137	1.79E-09	0.9337
388	0	0	0	0	0	0	0	0	0	0	0	0	0	0	1.48E-130	5.47E-08	0.9134
389	0	0	0	0	0	0	0	0	0	0	0	0	0	0	1.67E-124	1.20E-06	0.8923
390	0	0	0	0	0	0	0	0	0	0	0	0	0	0	1.34E-118	1.89E-05	0.8688
391	0	0	0	0	0	0	0	0	0	0	0	0	0	0	7.72E-113	0.0002128	0.8402
392	0	0	0	0	0	0	0	0	0	0	0	0	0	0	3.19E-107	0.001721	0.8092
393	0	0	0	0	0	0	0	0	0	0	0	0	0	0	9.43E-102	0.00999	0.782
394	0	0	0	0	0	0	0	0	0	0	0	0	0	0	2.00E-96	0.04176	0.764
395	0	0	0	0	0	0	0	0	0	0	0	0	0	0	3.03E-91	0.1265	0.7614
396	0	0	0	0	0	0	0	0	0	0	0	0	0	0	3.30E-86	0.2816	0.7759
397	0	0	0	0	0	0	0	0	0	0	0	0	0	0	2.58E-81	0.4736	0.8005
398	0	0	0	0	0	0	0	0	0	0	0	0	0	0	1.44E-76	0.634	0.8171
399	0	0	0	0	0	0	0	0	0	0	0	0	0	0	5.76E-72	0.7277	0.7989
400	0	0	0	0	0	0	0	0	0	0	0	0	0	0	1.65E-67	0.7723	0.7132
401	0	0	0	0	0	0	0	0	0	0	0	0	0	0	3.40E-63	0.7968	0.542
402	0	0	0	0	0	0	0	0	0	0	0	0	0	0	5.00E-59	0.8177	0.3266
403	0	0	0	0	0	0	0	0	0	0	0	0	0	0	5.28E-55	0.838	0.1485
404	0	0	0	0	0	0	0	0	0	0	0	0	0	0	3.99E-51	0.8566	0.04959
405	0	0	0	0	0	0	0	0	0	0	0	0	0	0	2.16E-47	0.8734	0.01199
406	0	0	0	0	0	0	0	0	0	0	0	0	0	0	8.40E-44	0.8875	0.002088
407	0	0	0	0	0	0	0	0	0	0	0	0	0	0	2.34E-40	0.901	0.0002611
408	0	0	0	0	0	0	0	0	0	0	0	0	0	0	4.66E-37	0.9164	2.34E-05
409	0	0	0	0	0	0	0	0	0	0	0	0	0	0	6.65E-34	0.9329	1.51E-06
410	0	0	0	0	0	0	0	0	0	0	0	0	0	0	6.80E-31	0.9479	6.93E-08
411	0	0	0	0	0	0	0	0	0	0	0	0	0	0	4.99E-28	0.9572	2.29E-09
412	0	0	0	0	0	0	0	0	0	0	0	0	0	0	2.62E-25	0.9645	5.41E-11
413	0	0	0	0	0	0	0	0	0	0	0	0	0	0	9.87E-23	0.976	9.17E-13
414	0	0	0	0	0	0	0	0	0	0	0	0	0	1.72e-319	2.66E-20	0.9914	1.11E-14
415	0	0	0	0	0	0	0	0	0	0	0	0	0	5.836e-310	5.14E-18	1	9.69E-17
416	0	0	0	0	0	0	0	0	0	0	0	0	0	1.42E-300	7.13E-16	0.9795	6.04E-19
417	0	0	0	0	0	0	0	0	0	0	0	0	0	2.47E-291	7.07E-14	0.9015	2.70E-21
418	0	0	0	0	0	0	0	0	0	0	0	0	0	3.09E-282	5.03E-12	0.738	8.64E-24
419	0	0	0	0	0	0	0	0	0	0	0	0	0	2.76E-273	2.56E-10	0.4995	1.98E-26
420	0	0	0	0	0	0	0	0	0	0	0	0	0	1.77E-264	9.35E-09	0.2623	3.26E-29
421	0	0	0	0	0	0	0	0	0	0	0	0	0	8.12E-256	2.45E-07	0.1027	3.84E-32
422	0	0	0	0	0	0	0	0	0	0	0	0	0	2.67E-247	4.59E-06	0.0293	3.24E-35
423	0	0	0	0	0	0	0	0	0	0	0	0	0	6.30E-239	6.16E-05	0.006042	1.96E-38
424	0	0	0	0	0	0	0	0	0	0	0	0	0	1.06E-230	0.0005937	0.0008959	8.47E-42
425	0	0	0	0	0	0	0	0	0	0	0	0	0	1.29E-222	0.004104	9.53E-05	2.63E-45
426	0	0	0	0	0	0	0	0	0	0	0	0	0	1.12E-214	0.0204	7.27E-06	5.85E-49
427	0	0	0	0	0	0	0	0	0	0	0	0	0	6.94E-207	0.07321	3.98E-07	9.32E-53
428	0	0	0	0	0	0	0	0	0	0	0	0	0	3.09E-199	0.1916	1.56E-08	1.07E-56
429	0	0	0	0	0	0	0	0	0	0	0	0	0	9.85E-192	0.3729	4.38E-10	8.71E-61
430	0	0	0	0	0	0	0	0	0	0	0	0	0	2.25E-184	0.5622	8.80E-12	5.11E-65
431	0	0	0	0	0	0	0	0	0	0	0	0	0	3.69E-177	0.6998	1.27E-13	2.15E-69
432	0	0	0	0	0	0	0	0	0	0	0	0	0	4.33E-170	0.7772	1.31E-15	6.46E-74
433	0	0	0	0	0	0	0	0	0	0	0	0	0	3.64E-163	0.8189	9.70E-18	1.39E-78
434	0	0	0	0	0	0	0	0	0	0	0	0	0	2.19E-156	0.8468	5.15E-20	2.15E-83
435	0	0	0	0	0	0	0	0	0	0	0	0	0	9.48E-150	0.8714	1.96E-22	2.38E-88
436	0	0	0	0	0	0	0	0	0	0	0	0	0	2.93E-143	0.8938	5.33E-25	1.89E-93
437	0	0	0	0	0	0	0	0	0	0	0	0	0	6.50E-137	0.9133	1.04E-27	1.08E-98
438	0	0	0	0	0	0	0	0	0	0	0	0	0	1.03E-130	0.9282	1.45E-30	4.38E-104
439	0	0	0	0	0	0	0	0	0	0	0	0	0	1.18E-124	0.9379	1.46E-33	1.28E-109
440	0	0	0	0	0	0	0	0	0	0	0	0	0	9.58E-119	0.9473	1.04E-36	2.68E-115
441	0	0	0	0	0	0	0	0	0	0	0	0	0	5.60E-113	0.9588	5.37E-40	4.01E-121
442	0	0	0	0	0	0	0	0	0	0	0	0	0	2.34E-107	0.9726	1.98E-43	4.30E-127
443	0	0	0	0	0	0	0	0	0	0	0	0	0	7.03E-102	0.9855	5.23E-47	3.31E-133
444	0	0	0	0	0	0	0	0	0	0	0	0	0	1.51E-96	0.9948	9.89E-51	1.83E-139
445	0	0	0	0	0	0	0	0	0	0	0	0	0	2.33E-91	1	1.34E-54	7.21E-146
446	0	0	0	0	0	0	0	0	0	0	0	0	4.941e-324	2.57E-86	0.9891	1.30E-58	2.04E-152
447	0	0	0	0	0	0	0	0	0	0	0	0	6.472e-315	2.03E-81	0.9293	9.07E-63	4.14E-159
448	0	0	0	0	0	0	0	0	0	0	0	0	1.88E-305	1.15E-76	0.7777	4.52E-67	6.02E-166
449	0	0	0	0	0	0	0	0	0	0	0	0	3.90E-296	4.68E-72	0.536	1.62E-71	6.27E-173
450	0	0	0	0	0	0	0	0	0	0	0	0	5.80E-287	1.36E-67	0.2853	4.14E-76	4.68E-180
451	0	0	0	0	0	0	0	0	0	0	0	0	6.18E-278	2.84E-63	0.1129	7.59E-81	2.50E-187
452	0	0	0	0	0	0	0	0	0	0	0	0	4.72E-269	4.24E-59	0.03253	9.98E-86	9.58E-195
453	0	0	0	0	0	0	0	0	0	0	0	0	2.59E-260	4.53E-55	0.006768	9.40E-91	2.63E-202
454	0	0	0	0	0	0	0	0	0	0	0	0	1.01E-251	3.48E-51	0.001012	6.35E-96	5.17E-210
455	0	0	0	0	0	0	0	0	0	0	0	0	2.85E-243	1.91E-47	0.0001086	3.07E-101	7.29E-218
456	0	0	0	0	0	0	0	0	0	0	0	0	5.74E-235	7.52E-44	8.36E-06	1.06E-106	7.36E-226
457	0	0	0	0	0	0	0	0	0	0	0	0	8.28E-227	2.12E-40	4.61E-07	2.64E-112	5.32E-234
458	0	0	0	0	0	0	0	0	0	0	0	0	8.56E-219	4.29E-37	1.82E-08	4.70E-118	2.76E-242
459	0	0	0	0	0	0	0	0	0	0	0	0	6.34E-211	6.21E-34	5.16E-10	5.99E-124	1.03E-250
460	0	0	0	0	0	0	0	0	0	0	0	0	3.37E-203	6.45E-31	1.05E-11	5.47E-130	2.73E-259
461	0	0	0	0	0	0	0	0	0	0	0	0	1.28E-195	4.80E-28	1.52E-13	3.58E-136	5.20E-268
462	0	0	0	0	0	0	0	0	0	0	0	0	3.49E-188	2.56E-25	1.59E-15	1.68E-142	7.11E-277
463	0	0	0	0	0	0	0	0	0	0	0	0	6.82E-181	9.76E-23	1.18E-17	5.64E-149	6.96E-286
464	0	0	0	0	0	0	0	0	0	0	0	0	9.54E-174	2.67E-20	6.33E-20	1.36E-155	4.89E-295
465	0	0	0	0	0	0	0	0	0	0	0	0	9.56E-167	5.23E-18	2.43E-22	2.34E-162	2.46E-304
466	0	0	0	0	0	0	0	0	0	0	0	0	6.87E-160	7.35E-16	6.66E-25	2.90E-169	8.848e-314
467	0	0	0	0	0	0	0	0	0	0	0	0	3.54E-153	7.40E-14	1.31E-27	2.57E-176	1.976e-323
468	0	0	0	0	0	0	0	0	0	0	0	0	1.31E-146	5.33E-12	1.85E-30	1.63E-183	0
469	0	0	0	0	0	0	0	0	0	0	0	0	3.45E-140	2.76E-10	1.87E-33	7.41E-191	0
470	0	0	0	0	0	0	0	0	0	0	0	0	6.53E-134	1.02E-08	1.35E-36	2.42E-198	0
471	0	0	0	0	0	0	0	0	0	0	0	0	8.86E-128	2.71E-07	7.01E-40	5.64E-206	0
472	0	0	0	0	0	0	0	0	0	0	0	0	8.61E-122	5.15E-06	2.60E-43	9.43E-214	0
473	0	0	0	0	0	0	0	0	0	0	0	0	6.00E-116	7.01E-05	6.94E-47	1.13E-221	0
474	0	0	0	0	0	0	0	0	0	0	0	0	3.00E-110	0.0006852	1.32E-50	9.71E-230	0
475	0	0	0	0	0	0	0	0	0	0	0	0	1.07E-104	0.004803	1.81E-54	5.98E-238	0
476	0	0	0	0	0	0	0	0	0	0	0	0	2.75E-99	0.0242	1.77E-58	2.64E-246	0
477	0	0	0	0	0	0	0	0	0	0	0	0	5.04E-94	0.08799	1.24E-62	8.33E-255	0
478	0	0	0	0	0	0	0	0	0	0	0	0	6.64E-89	0.2329	6.26E-67	1.89E-263	0
479	0	0	0	0	0	0	0	0	0	0	0	0	6.26E-84	0.4576	2.26E-71	3.06E-272	0
480	0	0	0	0	0	0	0	0	0	0	0	0	4.23E-79	0.6927	5.82E-76	3.56E-281	0
481	0	0	0	0	0	0	0	0	0	0	0	0	2.05E-74	0.8592	1.08E-80	2.96E-290	0
482	0	0	0	0	0	0	0	0	0	0	0	0	7.10E-70	0.9427	1.43E-85	1.77E-299	0
483	0	0	0	0	0	0	0	0	0	0	0	0	1.76E-65	0.9743	1.36E-90	0.00E+00	0
484	0	0	0	0	0	0	0	0	0	0	0	0	3.14E-61	0.9837	9.24E-96	2.318e-318	0
485	0	0	0	0	0	0	0	0	0	0	0	0	4.01E-57	0.9879	4.51E-101	0	0
486	0	0	0	0	0	0	0	0	0	0	0	0	3.66E-53	0.9919	1.58E-106	0	0
487	0	0	0	0	0	0	0	0	0	0	0	0	2.40E-49	0.9966	3.94E-112	0	0
488	0	0	0	0	0	0	0	0	0	0	0	0	1.13E-45	1	7.08E-118	0	0
489	0	0	0	0	0	0	0	0	0	0	0	0	3.79E-42	0.9996	9.10E-124	0	0
490	0	0	0	0	0	0	0	0	0	0	0	0	9.13E-39	0.996	8.38E-130	0	0
491	0	0	0	0	0	0	0	0	0	0	0	0	1.58E-35	0.9887	5.53E-136	0	0
492	0	0	0	0	0	0	0	0	0	0	0	2.625e-315	1.95E-32	0.979	2.62E-142	0	0
493	0	0	0	0	0	0	0	0	0	0	0	7.71E-306	1.73E-29	0.9685	8.87E-149	0	0
494	0	0	0	0	0	0	0	0	0	0	0	1.62E-296	1.10E-26	0.9564	2.15E-155	0	0
495	0	0	0	0	0	0	0	0	0	0	0	2.44E-287	5.00E-24	0.9404	3.75E-162	0	0
496	0	0	0	0	0	0	0	0	0	0	0	2.64E-278	1.63E-21	0.9083	4.67E-169	0	0
497	0	0	0	0	0	0	0	0	0	0	0	2.04E-269	3.81E-19	0.835	4.17E-176	0	0
498	0	0	0	0	0	0	0	0	0	0	0	1.13E-260	6.39E-17	0.6896	2.67E-183	0	0
499	0	0	0	0	0	0	0	0	0	0	0	4.49E-252	7.66E-15	0.4741	1.23E-190	0	0
500	0	0	0	0	0	0	0	0	0	0	0	1.28E-243	6.59E-13	0.2538	4.03E-198	0	0
501	0	0	0	0	0	0	0	0	0	0	0	2.61E-235	4.06E-11	0.1014	9.48E-206	0	0
502	0	0	0	0	0	0	0	0	0	0	0	3.81E-227	1.79E-09	0.02959	1.60E-213	0	0
503	0	0	0	0	0	0	0	0	0	0	0	3.99E-219	5.67E-08	0.006238	1.93E-221	0	0
504	0	0	0	0	0	0	0	0	0	0	0	3.00E-211	1.28E-06	0.0009458	1.68E-229	0	0
505	0	0	0	0	0	0	0	0	0	0	0	1.61E-203	2.09E-05	0.0001029	1.04E-237	0	0
506	0	0	0	0	0	0	0	0	0	0	0	6.20E-196	0.0002429	8.03E-06	4.62E-246	0	0
507	0	0	0	0	0	0	0	0	0	0	0	1.71E-188	0.002028	4.49E-07	1.47E-254	0	0
508	0	0	0	0	0	0	0	0	0	0	0	3.39E-181	0.01215	1.80E-08	3.36E-263	0	0
509	0	0	0	0	0	0	0	0	0	0	0	4.80E-174	0.05241	5.17E-10	5.51E-272	0	0
510	0	0	0	0	0	0	0	0	0	0	0	4.87E-167	0.1635	1.06E-11	6.45E-281	0	0
511	0	0	0	0	0	0	0	0	0	0	0	3.55E-160	0.3733	1.57E-13	5.42E-290	0	0
512	0	0	0	0	0	0	0	0	0	0	0	1.85E-153	0.6392	1.66E-15	3.26E-299	0	0
513	0	0	0	0	0	0	0	0	0	0	0	6.91E-147	0.8597	1.26E-17	0.00E+00	0	0
514	0	0	0	0	0	0	0	0	0	0	0	1.85E-140	0.9733	6.81E-20	4.349e-318	0	0
515	0	0	0	0	0	0	0	0	0	0	0	3.55E-134	1	2.65E-22	0	0	0
516	0	0	0	0	0	0	0	0	0	0	0	4.87E-128	0.9836	7.37E-25	0	0	0
517	0	0	0	0	0	0	0	0	0	0	0	4.80E-122	0.9524	1.47E-27	0	0	0
518	0	0	0	0	0	0	0	0	0	0	0	3.38E-116	0.9176	2.10E-30	0	0	0
519	0	0	0	0	0	0	0	0	0	0	0	1.71E-110	0.8808	2.15E-33	0	0	0
520	0	0	0	0	0	0	0	0	0	0	0	6.20E-105	0.8437	1.58E-36	0	0	0
521	0	0	0	0	0	0	0	0	0	0	0	1.61E-99	0.8062	8.32E-40	0	0	0
522	0	0	0	0	0	0	0	0	0	0	0	2.99E-94	0.7698	3.14E-43	0	0	0
523	0	0	0	0	0	0	0	0	0	0	0	3.99E-89	0.7374	8.47E-47	0	0	0
524	0	0	0	0	0	0	0	0	0	0	0	3.81E-84	0.7102	1.64E-50	0	0	0
525	0	0	0	0	0	0	0	0	0	0	0	2.61E-79	0.6894	2.27E-54	0	0	0
526	0	0	0	0	0	0	0	0	0	0	0	1.28E-74	0.6746	2.26E-58	0	0	0
527	0	0	0	0	0	0	0	0	0	0	0	4.49E-70	0.6648	1.61E-62	0	0	0
528	0	0	0	0	0	0	0	0	0	0	0	1.13E-65	0.6555	8.20E-67	0	0	0
529	0	0	0	0	0	0	0	0	0	0	0	2.04E-61	0.6316	3.00E-71	0	0	0
530	0	0	0	0	0	0	0	0	0	0	0	2.63E-57	0.5663	7.85E-76	0	0	0
531	0	0	0	0	0	0	0	0	0	0	0	2.44E-53	0.4383	1.47E-80	0	0	0
532	0	0	0	0	0	0	0	0	0	0	0	1.62E-49	0.2715	1.98E-85	0	0	0
533	0	0	0	0	0	0	0	0	0	0	0	7.68E-46	0.1275	1.91E-90	0	0	0
534	0	0	0	0	0	0	0	0	0	0	0	2.62E-42	0.04407	1.32E-95	0	0	0
535	0	0	0	0	0	0	0	0	0	0	0	6.39E-39	0.01104	6.51E-101	0	0	0
536	0	0	0	0	0	0	0	0	0	0	0	1.12E-35	0.001994	2.31E-106	0	0	0
537	0	0	0	0	0	0	0	0	0	0	0	1.40E-32	0.0002586	5.86E-112	0	0	0
538	0	0	0	0	0	0	0	0	0	0	0	1.26E-29	2.41E-05	1.07E-117	0	0	0
539	0	0	0	0	0	0	0	0	0	0	0	8.09E-27	1.60E-06	1.39E-123	0	0	0
540	0	0	0	0	0	0	0	0	0	0	0	3.73E-24	7.66E-08	1.30E-129	0	0	0
541	0	0	0	0	0	0	0	0	0	0	0	1.23E-21	2.62E-09	8.70E-136	0	0	0
542	0	0	0	0	0	0	0	0	0	0	0	2.92E-19	6.43E-11	4.17E-142	0	0	0
543	0	0	0	0	0	0	0	0	0	0	0	4.94E-17	1.13E-12	1.43E-148	0	0	0
544	0	0	0	0	0	0	0	0	0	0	0	6.01E-15	1.43E-14	3.53E-155	0	0	0
545	0	0	0	0	0	0	0	0	0	0	0	5.23E-13	1.29E-16	6.23E-162	0	0	0
546	0	0	0	0	0	0	0	0	0	0	0	3.26E-11	8.32E-19	7.88E-169	0	0	0
547	0	0	0	0	0	0	0	0	0	0	9.479e-316	1.46E-09	3.85E-21	7.14E-176	0	0	0
548	0	0	0	0	0	0	0	0	0	0	2.83E-306	4.67E-08	1.28E-23	4.64E-183	0	0	0
549	0	0	0	0	0	0	0	0	0	0	6.04E-297	1.07E-06	3.04E-26	2.16E-190	0	0	0
550	0	0	0	0	0	0	0	0	0	0	9.24E-288	1.77E-05	5.19E-29	7.19E-198	0	0	0
551	0	0	0	0	0	0	0	0	0	0	1.01E-278	0.0002081	6.34E-32	1.72E-205	0	0	0
552	0	0	0	0	0	0	0	0	0	0	7.96E-270	0.00176	5.55E-35	2.94E-213	0	0	0
553	0	0	0	0	0	0	0	0	0	0	4.48E-261	0.01068	3.48E-38	3.60E-221	0	0	0
554	0	0	0	0	0	0	0	0	0	0	1.81E-252	0.04665	1.56E-41	3.16E-229	0	0	0
555	0	0	0	0	0	0	0	0	0	0	5.23E-244	0.1474	5.04E-45	1.99E-237	0	0	0
556	0	0	0	0	0	0	0	0	0	0	1.08E-235	0.3412	1.16E-48	8.98E-246	0	0	0
557	0	0	0	0	0	0	0	0	0	0	1.61E-227	0.5926	1.92E-52	2.90E-254	0	0	0
558	0	0	0	0	0	0	0	0	0	0	1.71E-219	0.8098	2.28E-56	6.72E-263	0	0	0
559	0	0	0	0	0	0	0	0	0	0	1.30E-211	0.9344	1.93E-60	1.12E-271	0	0	0
560	0	0	0	0	0	0	0	0	0	0	7.11E-204	0.983	1.17E-64	1.33E-280	0	0	0
561	0	0	0	0	0	0	0	0	0	0	2.78E-196	0.9958	5.12E-69	1.13E-289	0	0	0
562	0	0	0	0	0	0	0	0	0	0	7.80E-189	0.9987	1.60E-73	6.90E-299	0	0	0
563	0	0	0	0	0	0	0	0	0	0	1.57E-181	1	3.57E-78	3.02E-308	0	0	0
564	0	0	0	0	0	0	0	0	0	0	2.26E-174	1	5.73E-83	9.456e-318	0	0	0
565	0	0	0	0	0	0	0	0	0	0	2.33E-167	0.9995	6.58E-88	0	0	0	0
566	0	0	0	0	0	0	0	0	0	0	1.72E-160	0.9976	5.42E-93	0	0	0	0
567	0	0	0	0	0	0	0	0	0	0	9.10E-154	0.9953	3.19E-98	0	0	0	0
568	0	0	0	0	0	0	0	0	0	0	3.45E-147	0.9942	1.35E-103	0	0	0	0
569	0	0	0	0	0	0	0	0	0	0	9.38E-141	0.994	4.09E-109	0	0	0	0
570	0	0	0	0	0	0	0	0	0	0	1.83E-134	0.9955	8.87E-115	0	0	0	0
571	0	0	0	0	0	0	0	0	0	0	2.55E-128	0.9966	1.38E-120	0	0	0	0
572	0	0	0	0	0	0	0	0	0	0	2.55E-122	0.9956	1.54E-126	0	0	0	0
573	0	0	0	0	0	0	0	0	0	0	1.83E-116	0.986	1.23E-132	0	0	0	0
574	0	0	0	0	0	0	0	0	0	0	9.39E-111	0.948	7.01E-139	0	0	0	0
575	0	0	0	0	0	0	0	0	0	0	3.45E-105	0.8472	2.87E-145	0	0	0	0
576	0	0	0	0	0	0	0	0	0	0	9.10E-100	0.6564	8.43E-152	0	0	0	0
577	0	0	0	0	0	0	0	0	0	0	1.72E-94	0.409	1.77E-158	0	0	0	0
578	0	0	0	0	0	0	0	0	0	0	2.33E-89	0.1939	2.67E-165	0	0	0	0
579	0	0	0	0	0	0	0	0	0	0	2.26E-84	0.06776	2.89E-172	0	0	0	0
580	0	0	0	0	0	0	0	0	0	0	1.57E-79	0.01719	2.24E-179	0	0	0	0
581	0	0	0	0	0	0	0	0	0	0	7.81E-75	0.003142	1.24E-186	0	0	0	0
582	0	0	0	0	0	0	0	0	0	0	2.79E-70	0.0004125	4.93E-194	0	0	0	0
583	0	0	0	0	0	0	0	0	0	0	7.12E-66	3.89E-05	1.40E-201	0	0	0	0
584	0	0	0	0	0	0	0	0	0	0	1.30E-61	2.62E-06	2.86E-209	0	0	0	0
585	0	0	0	0	0	0	0	0	0	0	1.71E-57	1.27E-07	4.18E-217	0	0	0	0
586	0	0	0	0	0	0	0	0	0	0	1.61E-53	4.40E-09	4.38E-225	0	0	0	0
587	0	0	0	0	0	0	0	0	0	0	1.08E-49	1.09E-10	3.29E-233	0	0	0	0
588	0	0	0	0	0	0	0	0	0	0	5.24E-46	1.95E-12	1.77E-241	0	0	0	0
589	0	0	0	0	0	0	0	0	0	0	1.81E-42	2.48E-14	6.81E-250	0	0	0	0
590	0	0	0	0	0	0	0	0	0	0	4.49E-39	2.27E-16	1.88E-258	0	0	0	0
591	0	0	0	0	0	0	0	0	0	0	7.98E-36	1.49E-18	3.72E-267	0	0	0	0
592	0	0	0	0	0	0	0	0	0	3.943e-316	1.02E-32	6.98E-21	5.27E-276	0	0	0	0
593	0	0	0	0	0	0	0	0	0	1.19E-306	9.26E-30	2.35E-23	5.36E-285	0	0	0	0
594	0	0	0	0	0	0	0	0	0	2.58E-297	6.05E-27	5.65E-26	3.90E-294	0	0	0	0
595	0	0	0	0	0	0	0	0	0	3.99E-288	2.83E-24	9.76E-29	2.03E-303	0	0	0	0
596	0	0	0	0	0	0	0	0	0	4.43E-279	9.50E-22	1.21E-31	7.597e-313	0	0	0	0
597	0	0	0	0	0	0	0	0	0	3.53E-270	2.28E-19	1.07E-34	2.026e-322	0	0	0	0
598	0	0	0	0	0	0	0	0	0	2.01E-261	3.93E-17	6.80E-38	0	0	0	0	0
599	0	0	0	0	0	0	0	0	0	8.22E-253	4.85E-15	3.09E-41	0	0	0	0	0
600	0	0	0	0	0	0	0	0	0	2.41E-244	4.29E-13	1.01E-44	0	0	0	0	0
601	0	0	0	0	0	0	0	0	0	5.05E-236	2.72E-11	2.36E-48	0	0	0	0	0
602	0	0	0	0	0	0	0	0	0	7.59E-228	1.24E-09	3.95E-52	0	0	0	0	0
603	0	0	0	0	0	0	0	0	0	8.18E-220	4.02E-08	4.74E-56	0	0	0	0	0
604	0	0	0	0	0	0	0	0	0	6.31E-212	9.37E-07	4.07E-60	0	0	0	0	0
605	0	0	0	0	0	0	0	0	0	3.49E-204	1.57E-05	2.51E-64	0	0	0	0	0
606	0	0	0	0	0	0	0	0	0	1.38E-196	0.0001874	1.11E-68	0	0	0	0	0
607	0	0	0	0	0	0	0	0	0	3.92E-189	0.001609	3.50E-73	0	0	0	0	0
608	0	0	0	0	0	0	0	0	0	7.98E-182	0.009919	7.93E-78	0	0	0	0	0
609	0	0	0	0	0	0	0	0	0	1.16E-174	0.04399	1.29E-82	0	0	0	0	0
610	0	0	0	0	0	0	0	0	0	1.22E-167	0.1411	1.50E-87	0	0	0	0	0
611	0	0	0	0	0	0	0	0	0	9.09E-161	0.3312	1.25E-92	0	0	0	0	0
612	0	0	0	0	0	0	0	0	0	4.88E-154	0.5827	7.45E-98	0	0	0	0	0
613	0	0	0	0	0	0	0	0	0	1.87E-147	0.8044	3.19E-103	0	0	0	0	0
614	0	0	0	0	0	0	0	0	4.412e-321	5.16E-141	0.9345	9.78E-109	0	0	0	0	0
615	0	0	0	0	0	0	0	0	1.583e-311	1.02E-134	0.9863	2.15E-114	0	0	0	0	0
616	0	0	0	0	0	0	0	0	4.07E-302	1.44E-128	0.9996	3.38E-120	0	0	0	0	0
617	0	0	0	0	0	0	0	0	7.50E-293	1.46E-122	1	3.82E-126	0	0	0	0	0
618	0	0	0	0	0	0	0	0	9.91E-284	1.06E-116	0.9953	3.08E-132	0	0	0	0	0
619	0	0	0	0	0	0	0	0	9.38E-275	5.50E-111	0.9858	1.79E-138	0	0	0	0	0
620	0	0	0	0	0	0	0	0	6.36E-266	2.05E-105	0.9753	7.41E-145	0	0	0	0	0
621	0	0	0	0	0	0	0	0	3.09E-257	5.47E-100	0.9666	2.20E-151	0	0	0	0	0
622	0	0	0	0	0	0	0	0	1.08E-248	1.05E-94	0.9612	4.70E-158	0	0	0	0	0
623	0	0	0	0	0	0	0	0	2.68E-240	1.43E-89	0.9595	7.17E-165	0	0	0	0	0
624	0	0	0	0	0	0	0	0	4.79E-232	1.41E-84	0.9596	7.84E-172	0	0	0	0	0
625	0	0	0	0	0	0	0	0	6.13E-224	9.91E-80	0.9618	6.15E-179	0	0	0	0	0
626	0	0	0	0	0	0	0	0	5.63E-216	5.00E-75	0.9646	3.45E-186	0	0	0	0	0
627	0	0	0	0	0	0	0	0	3.70E-208	1.81E-70	0.9673	1.39E-193	0	0	0	0	0
628	0	0	0	0	0	0	0	0	1.74E-200	4.67E-66	0.9655	4.01E-201	0	0	0	0	0
629	0	0	0	0	0	0	0	0	5.88E-193	8.67E-62	0.9399	8.28E-209	0	0	0	0	0
630	0	0	0	0	0	0	0	0	1.42E-185	1.15E-57	0.853	1.23E-216	0	0	0	0	0
631	0	0	0	0	0	0	0	0	2.47E-178	1.10E-53	0.6717	1.30E-224	0	0	0	0	0
632	0	0	0	0	0	0	0	0	3.06E-171	7.49E-50	0.4253	9.88E-233	0	0	0	0	0
633	0	0	0	0	0	0	0	0	2.72E-164	3.66E-46	0.2049	5.38E-241	0	0	0	0	0
634	0	0	0	0	0	0	0	0	1.74E-157	1.28E-42	0.07273	2.10E-249	0	0	0	0	0
635	0	0	0	0	0	0	0	0	7.93E-151	3.22E-39	0.01874	5.87E-258	0	0	0	0	0
636	0	0	0	0	0	0	0	0	2.60E-144	5.79E-36	0.003478	1.18E-266	0	0	0	0	0
637	0	0	0	0	0	0	0	1.814e-316	6.09E-138	7.47E-33	0.0004639	1.69E-275	0	0	0	0	0
638	0	0	0	0	0	0	0	5.55E-307	1.02E-131	6.90E-30	4.44E-05	1.74E-284	0	0	0	0	0
639	0	0	0	0	0	0	0	1.22E-297	1.23E-125	4.56E-27	3.04E-06	1.28E-293	0	0	0	0	0
640	0	0	0	0	0	0	0	1.91E-288	1.06E-119	2.16E-24	1.50E-07	6.76E-303	0	0	0	0	0
641	0	0	0	0	0	0	0	2.15E-279	6.57E-114	7.35E-22	5.27E-09	2.56e-312	0	0	0	0	0
642	0	0	0	0	0	0	0	1.73E-270	2.91E-108	1.79E-19	1.33E-10	6.966e-322	0	0	0	0	0
643	0	0	0	0	0	0	0	9.99E-262	9.23E-103	3.12E-17	2.40E-12	0	0	0	0	0	0
644	0	0	0	0	0	0	0	4.13E-253	2.10E-97	3.90E-15	3.11E-14	0	0	0	0	0	0
645	0	0	0	0	0	0	0	1.23E-244	3.42E-92	3.50E-13	2.89E-16	0	0	0	0	0	0
646	0	0	0	0	0	0	0	2.60E-236	4.00E-87	2.24E-11	1.92E-18	0	0	0	0	0	0
647	0	0	0	0	0	0	0	3.96E-228	3.34E-82	1.03E-09	9.16E-21	0	0	0	0	0	0
648	0	0	0	0	0	0	0	4.32E-220	2.00E-77	3.40E-08	3.13E-23	0	0	0	0	0	0
649	0	0	0	0	0	0	0	3.38E-212	8.61E-73	8.02E-07	7.66E-26	0	0	0	0	0	0
650	0	0	0	0	0	0	0	1.89E-204	2.65E-68	1.36E-05	1.34E-28	0	0	0	0	0	0
651	0	0	0	0	0	0	0	7.59E-197	5.84E-64	0.0001646	1.69E-31	0	0	0	0	0	0
652	0	0	0	0	0	0	0	2.18E-189	9.23E-60	0.001432	1.52E-34	0	0	0	0	0	0
653	0	0	0	0	0	0	0	4.50E-182	1.05E-55	0.008938	9.80E-38	0	0	0	0	0	0
654	0	0	0	0	0	0	0	6.64E-175	8.48E-52	0.04015	4.53E-41	0	0	0	0	0	0
655	0	0	0	0	0	0	0	7.02E-168	4.93E-48	0.1304	1.50E-44	0	0	0	0	0	0
656	0	0	0	0	0	0	0	5.32E-161	2.05E-44	0.31	3.56E-48	0	0	0	0	0	0
657	0	0	0	0	0	0	0	2.89E-154	6.13E-41	0.5522	6.05E-52	0	0	0	0	0	0
658	0	0	0	0	0	0	0	1.13E-147	1.31E-37	0.7715	7.37E-56	0	0	0	0	0	0
659	0	0	0	0	0	0	0	3.14E-141	2.01E-34	0.9061	6.44E-60	0	0	0	0	0	0
660	0	0	0	0	0	0	0	6.27E-135	2.21E-31	0.9645	4.03E-64	0	0	0	0	0	0
661	0	0	0	0	0	0	0	8.97E-129	1.74E-28	0.9827	1.80E-68	0	0	0	0	0	0
662	0	0	0	0	0	0	0	9.20E-123	9.78E-26	0.987	5.79E-73	0	0	0	0	0	0
663	0	0	0	0	0	0	0	6.76E-117	3.95E-23	0.9894	1.33E-77	0	0	0	0	0	0
664	0	0	0	0	0	0	0	3.56E-111	1.14E-20	0.9925	2.20E-82	0	0	0	0	0	0
665	0	0	0	0	0	0	0	1.34E-105	2.37E-18	0.9967	2.60E-87	0	0	0	0	0	0
666	0	0	0	0	0	0	0	3.63E-100	3.52E-16	0.9996	2.20E-92	0	0	0	0	0	0
667	0	0	0	0	0	0	0	7.04E-95	3.75E-14	1	1.33E-97	0	0	0	0	0	0
668	0	0	0	0	0	0	0	9.77E-90	2.86E-12	0.9982	5.80E-103	0	0	0	0	0	0
669	0	0	0	0	0	0	0	9.72E-85	1.57E-10	0.9933	1.81E-108	0	0	0	0	0	0
670	0	0	0	0	0	0	0	6.93E-80	6.13E-09	0.9879	4.03E-114	0	0	0	0	0	0
671	0	0	0	0	0	0	0	3.54E-75	1.72E-07	0.9827	6.44E-120	0	0	0	0	0	0
672	0	0	0	0	0	0	0	1.29E-70	3.46E-06	0.9778	7.38E-126	0	0	0	0	0	0
673	0	0	0	0	0	0	0	3.39E-66	4.99E-05	0.9692	6.06E-132	0	0	0	0	0	0
674	0	0	0	0	0	0	1.354e-321	6.37E-62	0.0005155	0.9384	3.56E-138	0	0	0	0	0	0
675	0	0	0	0	0	0	4.937e-312	8.58E-58	0.003821	0.85	1.50E-144	0	0	0	0	0	0
676	0	0	0	0	0	0	1.29E-302	8.28E-54	0.02035	0.6714	4.54E-151	0	0	0	0	0	0
677	0	0	0	0	0	0	2.42E-293	5.72E-50	0.07811	0.4282	9.81E-158	0	0	0	0	0	0
678	0	0	0	0	0	0	3.25E-284	2.83E-46	0.2177	0.2083	1.52E-164	0	0	0	0	0	0
679	0	0	0	0	0	0	3.13E-275	1.01E-42	0.4478	0.0748	1.69E-171	0	0	0	0	0	0
680	0	0	0	0	0	0	2.16E-266	2.56E-39	0.7021	0.01951	1.35E-178	0	0	0	0	0	0
681	0	0	0	0	0	0	1.07E-257	4.66E-36	0.8878	0.003667	7.68E-186	0	0	0	0	0	0
682	0	0	0	0	0	0	3.77E-249	6.08E-33	0.9764	0.0004952	3.14E-193	0	0	0	0	0	0
683	0	0	0	0	0	0	9.57E-241	5.68E-30	1	4.80E-05	9.19E-201	0	0	0	0	0	0
684	0	0	0	0	0	0	1.74E-232	3.81E-27	0.9943	3.33E-06	1.93E-208	0	0	0	0	0	0
685	0	0	0	0	0	0	2.26E-224	1.83E-24	0.978	1.66E-07	2.90E-216	0	0	0	0	0	0
686	0	0	0	0	0	0	2.11E-216	6.29E-22	0.9488	5.91E-09	3.12E-224	0	0	0	0	0	0
687	0	0	0	0	0	0	1.41E-208	1.55E-19	0.884	1.51E-10	2.41E-232	0	0	0	0	0	0
688	0	0	0	0	0	0	6.77E-201	2.74E-17	0.7487	2.77E-12	1.33E-240	0	0	0	0	0	0
689	0	0	0	0	0	0	2.32E-193	3.47E-15	0.534	3.63E-14	5.28E-249	0	0	0	0	0	0
690	0	0	0	0	0	0	5.71E-186	3.15E-13	0.299	3.41E-16	1.50E-257	0	0	0	0	0	0
691	0	0	0	0	0	0	1.01E-178	2.05E-11	0.1255	2.30E-18	3.05E-266	0	0	0	0	0	0
692	0	0	0	0	0	0	1.27E-171	9.53E-10	0.03857	1.11E-20	4.45E-275	0	0	0	0	0	0
693	0	0	0	0	0	0	1.15E-164	3.18E-08	0.008571	3.84E-23	4.65E-284	0	0	0	0	0	0
694	0	0	0	0	0	0	7.46E-158	7.60E-07	0.00137	9.52E-26	3.48E-293	0	0	0	0	0	0
695	0	0	0	0	0	0	3.47E-151	1.30E-05	0.0001573	1.69E-28	1.87E-302	0	0	0	0	0	0
696	0	0	0	0	0	0	1.15E-144	0.0001599	1.30E-05	2.15E-31	7.178e-312	0	0	0	0	0	0
697	0	0	0	0	0	0	2.75E-138	0.001409	7.64E-07	1.96E-34	1.976e-321	0	0	0	0	0	0
698	0	0	0	0	0	0	4.70E-132	0.008902	3.23E-08	1.28E-37	0	0	0	0	0	0	0
699	0	0	0	0	0	0	5.76E-126	0.04046	9.79E-10	5.99E-41	0	0	0	0	0	0	0
700	0	0	0	0	0	0	5.05E-120	0.1329	2.12E-11	2.01E-44	0	0	0	0	0	0	0
701	0	0	0	0	0	0	3.18E-114	0.3186	3.30E-13	4.83E-48	0	0	0	0	0	0	0
702	0	0	0	0	0	0	1.43E-108	0.57	3.68E-15	8.32E-52	0	0	0	0	0	0	0
703	0	0	0	0	0	0	4.62E-103	0.7941	2.94E-17	1.03E-55	0	0	0	0	0	0	0
704	0	0	0	0	0	0	1.07E-97	0.9217	1.68E-19	9.08E-60	0	0	0	0	0	0	0
705	0	0	0	0	0	0	1.77E-92	0.9651	6.90E-22	5.75E-64	0	0	0	0	0	0	0
706	0	0	0	0	0	0	2.10E-87	0.9698	2.03E-24	2.61E-68	0	0	0	0	0	0	0
707	0	0	0	0	0	0	1.79E-82	0.966	4.27E-27	8.49E-73	0	0	0	0	0	0	0
708	0	0	0	0	0	0	1.09E-77	0.9632	6.44E-30	1.98E-77	0	0	0	0	0	0	0
709	0	0	0	0	0	0	4.77E-73	0.9609	6.96E-33	3.30E-82	0	0	0	0	0	0	0
710	0	0	0	0	0	0	1.49E-68	0.96	5.39E-36	3.95E-87	0	0	0	0	0	0	0
711	0	0	0	0	0	0	3.35E-64	0.9609	2.99E-39	3.39E-92	0	0	0	0	0	0	0
712	0	0	0	0	0	0	5.38E-60	0.9642	1.19E-42	2.08E-97	0	0	0	0	0	0	0
713	0	0	0	0	0	0	6.20E-56	0.971	3.39E-46	9.16E-103	0	0	0	0	0	0	0
714	0	0	0	0	0	0	5.11E-52	0.98	6.92E-50	2.89E-108	0	0	0	0	0	0	0
715	0	0	0	0	0	0	3.02E-48	0.9899	1.01E-53	6.53E-114	0	0	0	0	0	0	0
716	0	0	0	0	0	0	1.28E-44	0.9972	1.06E-57	1.06E-119	0	0	0	0	0	0	0
717	0	0	0	0	0	0	3.89E-41	1	7.97E-62	1.23E-125	0	0	0	0	0	0	0
718	0	0	0	0	0	0	8.45E-38	0.9951	4.29E-66	1.02E-131	0	0	0	0	0	0	0
719	0	0	0	0	0	0	1.32E-34	0.9654	1.65E-70	6.08E-138	0	0	0	0	0	0	0
720	0	0	0	0	0	0	1.47E-31	0.8768	4.57E-75	2.59E-144	0	0	0	0	0	0	0
721	0	0	0	0	0	0	1.18E-28	0.6963	9.04E-80	7.94E-151	0	0	0	0	0	0	0
722	0	0	0	0	0	0	6.75E-26	0.448	1.28E-84	1.74E-157	0	0	0	0	0	0	0
723	0	0	0	0	0	0	2.77E-23	0.2203	1.30E-89	2.73E-164	0	0	0	0	0	0	0
724	0	0	0	0	0	0	8.16E-21	0.08002	9.50E-95	3.07E-171	0	0	0	0	0	0	0
725	0	0	0	0	0	0	1.72E-18	0.02113	4.96E-100	2.48E-178	0	0	0	0	0	0	0
726	0	0	0	0	0	0	2.60E-16	0.004021	1.85E-105	1.43E-185	0	0	0	0	0	0	0
727	0	0	0	0	0	0	2.82E-14	0.0005499	4.96E-111	5.92E-193	0	0	0	0	0	0	0
728	0	0	0	0	0	0	2.19E-12	5.39E-05	9.53E-117	1.76E-200	0	0	0	0	0	0	0
729	0	0	0	0	0	0	1.22E-10	3.79E-06	1.31E-122	3.73E-208	0	0	0	0	0	0	0
730	0	0	0	0	0	0	4.84E-09	1.91E-07	1.29E-128	5.68E-216	0	0	0	0	0	0	0
731	0	0	0	0	0	0	1.38E-07	6.91E-09	9.12E-135	6.20E-224	0	0	0	0	0	0	0
732	0	0	0	0	0	0	2.83E-06	1.79E-10	4.62E-141	4.85E-232	0	0	0	0	0	0	0
733	0	0	0	0	0	0	4.14E-05	3.32E-12	1.67E-147	2.72E-240	0	0	0	0	0	0	0
734	0	0	0	0	0	0	0.0004355	4.41E-14	4.35E-154	1.09E-248	0	0	0	0	0	0	0
735	0	0	0	0	0	0	0.003283	4.20E-16	8.10E-161	3.14E-257	0	0	0	0	0	0	0
736	0	0	0	0	0	0	0.01778	2.86E-18	1.08E-167	6.46E-266	0	0	0	0	0	0	0
737	0	0	0	0	0	0	0.06939	1.40E-20	1.03E-174	9.54E-275	0	0	0	0	0	0	0
738	0	0	0	0	0	0	0.1965	4.90E-23	7.07E-182	1.01E-283	0	0	0	0	0	0	0
739	0	0	0	0	0	0	0.4105	1.23E-25	3.47E-189	7.65E-293	0	0	0	0	0	0	0
740	0	0	0	0	0	0	0.6526	2.21E-28	1.22E-196	4.16E-302	0	0	0	0	0	0	0
741	0	0	0	0	0	0	0.8349	2.85E-31	3.07E-204	1.618e-311	0	0	0	0	0	0	0
742	0	0	0	0	0	0	0.9275	2.63E-34	5.55E-212	4.511e-321	0	0	0	0	0	0	0
743	0	0	0	0	0	0	0.9606	1.74E-37	7.18E-220	0	0	0	0	0	0	0	0
744	0	0	0	0	0	3.953e-322	0.9697	8.26E-41	6.65E-228	0	0	0	0	0	0	0	0
745	0	0	0	0	0	1.467e-312	0.9747	2.80E-44	4.42E-236	0	0	0	0	0	0	0	0
746	0	0	0	0	0	3.91E-303	0.9808	6.83E-48	2.10E-244	0	0	0	0	0	0	0	0
747	0	0	0	0	0	7.48E-294	0.9883	1.19E-51	7.17E-253	0	0	0	0	0	0	0	0
748	0	0	0	0	0	1.03E-284	0.9954	1.49E-55	1.75E-261	0	0	0	0	0	0	0	0
749	0	0	0	0	0	1.01E-275	0.999	1.33E-59	3.07E-270	0	0	0	0	0	0	0	0
750	0	0	0	0	0	7.07E-267	0.9996	8.55E-64	3.84E-279	0	0	0	0	0	0	0	0
751	0	0	0	0	0	3.56E-258	0.9972	3.93E-68	3.46E-288	0	0	0	0	0	0	0	0
752	0	0	0	0	0	1.29E-249	0.9941	1.29E-72	2.23E-297	0	0	0	0	0	0	0	0
753	0	0	0	0	0	3.33E-241	0.9944	3.05E-77	1.03E-306	0	0	0	0	0	0	0	0
754	0	0	0	0	0	6.17E-233	0.998	5.17E-82	3.395e-316	0	0	0	0	0	0	0	0
755	0	0	0	0	0	8.19E-225	1	6.26E-87	0	0	0	0	0	0	0	0	0
756	0	0	0	0	0	7.80E-217	0.985	5.43E-92	0	0	0	0	0	0	0	0	0
757	0	0	0	0	0	5.32E-209	0.9266	3.38E-97	0	0	0	0	0	0	0	0	0
758	0	0	0	0	0	2.60E-201	0.7918	1.51E-102	0	0	0	0	0	0	0	0	0
759	0	0	0	0	0	9.10E-194	0.5714	4.81E-108	0	0	0	0	0	0	0	0	0
760	0	0	0	0	0	2.28E-186	0.3249	1.10E-113	0	0	0	0	0	0	0	0	0
761	0	0	0	0	0	4.10E-179	0.1388	1.81E-119	0	0	0	0	0	0	0	0	0
762	0	0	0	0	0	5.28E-172	0.04346	2.12E-125	0	0	0	0	0	0	0	0	0
763	0	0	0	0	0	4.88E-165	0.009846	1.79E-131	0	0	0	0	0	0	0	0	0
764	0	0	0	0	0	3.22E-158	0.001605	1.08E-137	0	0	0	0	0	0	0	0	0
765	0	0	0	0	0	1.53E-151	0.0001879	4.66E-144	0	0	0	0	0	0	0	0	0
766	0	0	0	0	0	5.19E-145	1.58E-05	1.44E-150	0	0	0	0	0	0	0	0	0
767	0	0	0	0	0	1.26E-138	9.49E-07	3.21E-157	0	0	0	0	0	0	0	0	0
768	0	0	0	0	0	2.20E-132	4.09E-08	5.10E-164	0	0	0	0	0	0	0	0	0
769	0	0	0	0	0	2.75E-126	1.27E-09	5.81E-171	0	0	0	0	0	0	0	0	0
770	0	0	0	0	0	2.46E-120	2.80E-11	4.74E-178	0	0	0	0	0	0	0	0	0
771	0	0	0	0	0	1.58E-114	4.44E-13	2.78E-185	0	0	0	0	0	0	0	0	0
772	0	0	0	0	0	7.24E-109	5.05E-15	1.16E-192	0	0	0	0	0	0	0	0	0
773	0	0	0	0	0	2.39E-103	4.11E-17	3.49E-200	0	0	0	0	0	0	0	0	0
774	0	0	0	0	0	5.63E-98	2.40E-19	7.52E-208	0	0	0	0	0	0	0	0	0
775	0	0	0	0	0	9.51E-93	1.00E-21	1.16E-215	0	0	0	0	0	0	0	0	0
776	0	0	0	0	0	1.15E-87	3.01E-24	1.28E-223	0	0	0	0	0	0	0	0	0
777	0	0	0	0	0	1.00E-82	6.46E-27	1.02E-231	0	0	0	0	0	0	0	0	0
778	0	0	0	0	0	6.22E-78	9.94E-30	5.76E-240	0	0	0	0	0	0	0	0	0
779	0	0	0	0	2.026e-322	2.77E-73	1.10E-32	2.34E-248	0	0	0	0	0	0	0	0	0
780	0	0	0	0	7.589e-313	8.84E-69	8.66E-36	6.82E-257	0	0	0	0	0	0	0	0	0
781	0	0	0	0	2.05E-303	2.02E-64	4.90E-39	1.42E-265	0	0	0	0	0	0	0	0	0
782	0	0	0	0	3.95E-294	3.32E-60	1.99E-42	2.13E-274	0	0	0	0	0	0	0	0	0
783	0	0	0	0	5.46E-285	3.89E-56	5.77E-46	2.28E-283	0	0	0	0	0	0	0	0	0
784	0	0	0	0	5.41E-276	3.28E-52	1.20E-49	1.75E-292	0	0	0	0	0	0	0	0	0
785	0	0	0	0	3.84E-267	1.98E-48	1.79E-53	9.63E-302	0	0	0	0	0	0	0	0	0
786	0	0	0	0	1.96E-258	8.54E-45	1.92E-57	3.795e-311	0	0	0	0	0	0	0	0	0
787	0	0	0	0	7.13E-250	2.64E-41	1.47E-61	1.072e-320	0	0	0	0	0	0	0	0	0
788	0	0	0	0	1.86E-241	5.86E-38	8.06E-66	0	0	0	0	0	0	0	0	0	0
789	0	0	0	0	3.49E-233	9.32E-35	3.17E-70	0	0	0	0	0	0	0	0	0	0
790	0	0	0	0	4.68E-225	1.06E-31	8.93E-75	0	0	0	0	0	0	0	0	0	0
791	0	0	0	0	4.50E-217	8.66E-29	1.80E-79	0	0	0	0	0	0	0	0	0	0
792	0	0	0	0	3.10E-209	5.07E-26	2.61E-84	0	0	0	0	0	0	0	0	0	0
793	0	0	0	0	1.53E-201	2.12E-23	2.71E-89	0	0	0	0	0	0	0	0	0	0
794	0	0	0	0	5.40E-194	6.37E-21	2.01E-94	0	0	0	0	0	0	0	0	0	0
795	0	0	0	0	1.37E-186	1.37E-18	1.07E-99	0	0	0	0	0	0	0	0	0	0
796	0	0	0	0	2.48E-179	2.11E-16	4.08E-105	0	0	0	0	0	0	0	0	0	0
797	0	0	0	0	3.23E-172	2.33E-14	1.11E-110	0	0	0	0	0	0	0	0	0	0
798	0	0	0	0	3.01E-165	1.85E-12	2.18E-116	0	0	0	0	0	0	0	0	0	0
799	0	0	0	0	2.01E-158	1.05E-10	3.06E-122	0	0	0	0	0	0	0	0	0	0
800	0	0	0	0	9.63E-152	4.25E-09	3.08E-128	0	0	0	0	0	0	0	0	0	0
801	0	0	0	0	3.30E-145	1.24E-07	2.22E-134	0	0	0	0	0	0	0	0	0	0
802	0	0	0	0	8.11E-139	2.58E-06	1.14E-140	0	0	0	0	0	0	0	0	0	0
803	0	0	0	0	1.43E-132	3.86E-05	4.23E-147	0	0	0	0	0	0	0	0	0	0
804	0	0	0	0	1.80E-126	0.000414	1.12E-153	0	0	0	0	0	0	0	0	0	0
805	0	0	0	0	1.63E-120	0.003183	2.13E-160	0	0	0	0	0	0	0	0	0	0
806	0	0	0	0	1.05E-114	0.01757	2.90E-167	0	0	0	0	0	0	0	0	0	0
807	0	0	0	0	4.89E-109	0.06988	2.82E-174	0	0	0	0	0	0	0	0	0	0
808	0	0	0	0	1.63E-103	0.2015	1.97E-181	0	0	0	0	0	0	0	0	0	0
809	0	0	0	0	3.87E-98	0.4272	9.87E-189	0	0	0	0	0	0	0	0	0	0
810	0	0	0	0	6.61E-93	0.6862	3.54E-196	0	0	0	0	0	0	0	0	0	0
811	0	0	0	0	8.09E-88	0.8807	9.09E-204	0	0	0	0	0	0	0	0	0	0
812	0	0	0	0	7.09E-83	0.9738	1.67E-211	0	0	0	0	0	0	0	0	0	0
813	0	0	0	0	4.45E-78	0.9996	2.21E-219	0	0	0	0	0	0	0	0	0	0
814	0	0	0	0	2.00E-73	1	2.09E-227	0	0	0	0	0	0	0	0	0	0
815	0	0	0	0	6.46E-69	0.9966	1.41E-235	0	0	0	0	0	0	0	0	0	0
816	0	0	0	0	1.49E-64	0.9937	6.86E-244	0	0	0	0	0	0	0	0	0	0
817	0	0	0	0	2.47E-60	0.991	2.39E-252	0	0	0	0	0	0	0	0	0	0
818	0	0	0	0	2.93E-56	0.9899	5.95E-261	0	0	0	0	0	0	0	0	0	0
819	0	0	0	0	2.49E-52	0.9889	1.06E-269	0	0	0	0	0	0	0	0	0	0
820	0	0	0	0	1.52E-48	0.9863	1.36E-278	0	0	0	0	0	0	0	0	0	0
821	0	0	0	0	6.62E-45	0.9785	1.25E-287	0	0	0	0	0	0	0	0	0	0
822	0	0	0	0	2.07E-41	0.9654	8.18E-297	0	0	0	0	0	0	0	0	0	0
823	0	0	0	0	4.63E-38	0.9529	3.85E-306	0	0	0	0	0	0	0	0	0	0
824	0	0	0	0	7.44E-35	0.9434	1.298e-315	0	0	0	0	0	0	0	0	0	0
825	0	0	0	0	8.55E-32	0.9349	0	0	0	0	0	0	0	0	0	0	0
826	0	0	0	0	7.05E-29	0.9159	0	0	0	0	0	0	0	0	0	0	0
827	0	0	0	0	4.16E-26	0.8626	0	0	0	0	0	0	0	0	0	0	0
828	0	0	0	0	1.76E-23	0.7424	0	0	0	0	0	0	0	0	0	0	0
829	0	0	0	8.399e-323	5.34E-21	0.5425	0	0	0	0	0	0	0	0	0	0	0
830	0	0	0	3.158e-313	1.16E-18	0.3134	0	0	0	0	0	0	0	0	0	0	0
831	0	0	0	8.63E-304	1.81E-16	0.1363	0	0	0	0	0	0	0	0	0	0	0
832	0	0	0	1.69E-294	2.02E-14	0.0435	0	0	0	0	0	0	0	0	0	0	0
833	0	0	0	2.37E-285	1.61E-12	0.01005	0	0	0	0	0	0	0	0	0	0	0
834	0	0	0	2.38E-276	9.22E-11	0.001671	0	0	0	0	0	0	0	0	0	0	0
835	0	0	0	1.72E-267	3.78E-09	0.0001994	0	0	0	0	0	0	0	0	0	0	0
836	0	0	0	8.86E-259	1.11E-07	1.71E-05	0	0	0	0	0	0	0	0	0	0	0
837	0	0	0	3.27E-250	2.34E-06	1.05E-06	0	0	0	0	0	0	0	0	0	0	0
838	0	0	0	8.68E-242	3.54E-05	4.61E-08	0	0	0	0	0	0	0	0	0	0	0
839	0	0	0	1.65E-233	0.0003831	1.45E-09	0	0	0	0	0	0	0	0	0	0	0
840	0	0	0	2.24E-225	0.002974	3.28E-11	0	0	0	0	0	0	0	0	0	0	0
841	0	0	0	2.18E-217	0.01658	5.31E-13	0	0	0	0	0	0	0	0	0	0	0
842	0	0	0	1.53E-209	0.06656	6.15E-15	0	0	0	0	0	0	0	0	0	0	0
843	0	0	0	7.63E-202	0.1937	5.11E-17	0	0	0	0	0	0	0	0	0	0	0
844	0	0	0	2.74E-194	0.4142	3.04E-19	0	0	0	0	0	0	0	0	0	0	0
845	0	0	0	7.03E-187	0.6703	1.30E-21	0	0	0	0	0	0	0	0	0	0	0
846	0	0	0	1.30E-179	0.8648	3.97E-24	0	0	0	0	0	0	0	0	0	0	0
847	0	0	0	1.71E-172	0.96	8.69E-27	0	0	0	0	0	0	0	0	0	0	0
848	0	0	0	1.62E-165	0.9903	1.36E-29	0	0	0	0	0	0	0	0	0	0	0
849	0	0	0	1.09E-158	0.9977	1.53E-32	0	0	0	0	0	0	0	0	0	0	0
850	0	0	0	5.31E-152	1	1.24E-35	0	0	0	0	0	0	0	0	0	0	0
851	0	0	0	1.85E-145	0.9955	7.13E-39	0	0	0	0	0	0	0	0	0	0	0
852	0	0	0	4.60E-139	0.9829	2.95E-42	0	0	0	0	0	0	0	0	0	0	0
853	0	0	0	8.21E-133	0.9691	8.74E-46	0	0	0	0	0	0	0	0	0	0	0
854	0	0	0	1.05E-126	0.9591	1.86E-49	0	0	0	0	0	0	0	0	0	0	0
855	0	0	0	9.63E-121	0.9546	2.82E-53	0	0	0	0	0	0	0	0	0	0	0
856	0	0	0	6.32E-115	0.9532	3.08E-57	0	0	0	0	0	0	0	0	0	0	0
857	0	0	0	2.98E-109	0.9524	2.41E-61	0	0	0	0	0	0	0	0	0	0	0
858	0	0	0	1.00E-103	0.9516	1.35E-65	0	0	0	0	0	0	0	0	0	0	0
859	0	0	0	2.42E-98	0.9487	5.40E-70	0	0	0	0	0	0	0	0	0	0	0
860	0	0	0	4.20E-93	0.9437	1.55E-74	0	0	0	0	0	0	0	0	0	0	0
861	0	0	0	5.21E-88	0.9362	3.20E-79	0	0	0	0	0	0	0	0	0	0	0
862	0	0	0	4.63E-83	0.9261	4.72E-84	0	0	0	0	0	0	0	0	0	0	0
863	0	0	0	2.95E-78	0.9163	4.99E-89	0	0	0	0	0	0	0	0	0	0	0
864	0	0	3.458e-323	1.35E-73	0.908	3.78E-94	0	0	0	0	0	0	0	0	0	0	0
865	0	0	1.388e-313	4.40E-69	0.9042	2.05E-99	0	0	0	0	0	0	0	0	0	0	0
866	0	0	3.83E-304	1.03E-64	0.906	7.97E-105	0	0	0	0	0	0	0	0	0	0	0
867	0	0	7.58E-295	1.73E-60	0.9102	2.22E-110	0	0	0	0	0	0	0	0	0	0	0
868	0	0	1.07E-285	2.08E-56	0.91	4.44E-116	0	0	0	0	0	0	0	0	0	0	0
869	0	0	1.09E-276	1.79E-52	0.9003	6.35E-122	0	0	0	0	0	0	0	0	0	0	0
870	0	0	7.93E-268	1.11E-48	0.8885	6.51E-128	0	0	0	0	0	0	0	0	0	0	0
871	0	0	4.13E-259	4.90E-45	0.8858	4.78E-134	0	0	0	0	0	0	0	0	0	0	0
872	0	0	1.54E-250	1.56E-41	0.8927	2.52E-140	0	0	0	0	0	0	0	0	0	0	0
873	0	0	4.13E-242	3.53E-38	0.8976	9.49E-147	0	0	0	0	0	0	0	0	0	0	0
874	0	0	7.91E-234	5.75E-35	0.8899	2.57E-153	0	0	0	0	0	0	0	0	0	0	0
875	0	0	1.09E-225	6.71E-32	0.8782	4.97E-160	0	0	0	0	0	0	0	0	0	0	0
876	0	0	1.07E-217	5.61E-29	0.8785	6.89E-167	0	0	0	0	0	0	0	0	0	0	0
877	0	0	7.55E-210	3.36E-26	0.8926	6.85E-174	0	0	0	0	0	0	0	0	0	0	0
878	0	0	3.82E-202	1.44E-23	0.9041	4.88E-181	0	0	0	0	0	0	0	0	0	0	0
879	0	0	1.38E-194	4.43E-21	0.8975	2.49E-188	0	0	0	0	0	0	0	0	0	0	0
880	0	0	3.59E-187	9.76E-19	0.8787	9.12E-196	0	0	0	0	0	0	0	0	0	0	0
881	0	0	6.67E-180	1.54E-16	0.8594	2.39E-203	0	0	0	0	0	0	0	0	0	0	0
882	0	0	8.88E-173	1.74E-14	0.825	4.49E-211	0	0	0	0	0	0	0	0	0	0	0
883	0	0	8.48E-166	1.41E-12	0.7312	6.04E-219	0	0	0	0	0	0	0	0	0	0	0
884	0	0	5.80E-159	8.21E-11	0.5494	5.82E-227	0	0	0	0	0	0	0	0	0	0	0
885	0	0	2.84E-152	3.42E-09	0.3247	4.02E-235	0	0	0	0	0	0	0	0	0	0	0
886	0	0	9.98E-146	1.02E-07	0.144	1.99E-243	0	0	0	0	0	0	0	0	0	0	0
887	0	0	2.51E-139	2.18E-06	0.04674	7.06E-252	0	0	0	0	0	0	0	0	0	0	0
888	0	0	4.53E-133	3.33E-05	0.01097	1.79E-260	0	0	0	0	0	0	0	0	0	0	0
889	0	0	5.85E-127	0.0003658	0.001854	3.27E-269	0	0	0	0	0	0	0	0	0	0	0
890	0	0	5.42E-121	0.002879	0.0002248	4.26E-278	0	0	0	0	0	0	0	0	0	0	0
891	0	0	3.59E-115	0.01627	1.96E-05	3.98E-287	0	0	0	0	0	0	0	0	0	0	0
892	0	0	1.71E-109	0.06618	1.22E-06	2.67E-296	0	0	0	0	0	0	0	0	0	0	0
893	0	0	5.81E-104	0.1948	5.44E-08	1.28E-305	0	0	0	0	0	0	0	0	0	0	0
894	0	0	1.42E-98	0.4203	1.74E-09	4.406e-315	0	0	0	0	0	0	0	0	0	0	0
895	0	0	2.48E-93	0.682	4.00E-11	0	0	0	0	0	0	0	0	0	0	0	0
896	0	0	3.11E-88	0.8753	6.57E-13	0	0	0	0	0	0	0	0	0	0	0	0
897	0	0	2.79E-83	0.9598	7.73E-15	0	0	0	0	0	0	0	0	0	0	0	0
898	0	0	1.79E-78	0.9808	6.52E-17	0	0	0	0	0	0	0	0	0	0	0	0
899	0	0	8.27E-74	0.9906	3.94E-19	0	0	0	0	0	0	0	0	0	0	0	0
900	0	0	2.73E-69	0.9999	1.71E-21	0	0	0	0	0	0	0	0	0	0	0	0
901	0	0	6.46E-65	0.991	5.30E-24	0	0	0	0	0	0	0	0	0	0	0	0
902	0	0	1.10E-60	0.9606	1.18E-26	0	0	0	0	0	0	0	0	0	0	0	0
903	0	0	1.33E-56	0.934	1.88E-29	0	0	0	0	0	0	0	0	0	0	0	0
904	0	1.976e-323	1.16E-52	0.9341	2.15E-32	0	0	0	0	0	0	0	0	0	0	0	0
905	0	6.858e-314	7.23E-49	0.9584	1.76E-35	0	0	0	0	0	0	0	0	0	0	0	0
906	0	1.91E-304	3.23E-45	0.9862	1.03E-38	0	0	0	0	0	0	0	0	0	0	0	0
907	0	3.83E-295	1.03E-41	1	4.32E-42	0	0	0	0	0	0	0	0	0	0	0	0
908	0	5.48E-286	2.37E-38	0.992	1.30E-45	0	0	0	0	0	0	0	0	0	0	0	0
909	0	5.63E-277	3.90E-35	0.9613	2.81E-49	0	0	0	0	0	0	0	0	0	0	0	0
910	0	4.14E-268	4.60E-32	0.9231	4.34E-53	0	0	0	0	0	0	0	0	0	0	0	0
911	0	2.18E-259	3.88E-29	0.8931	4.80E-57	0	0	0	0	0	0	0	0	0	0	0	0
912	0	8.24E-251	2.35E-26	0.8565	3.81E-61	0	0	0	0	0	0	0	0	0	0	0	0
913	0	2.23E-242	1.02E-23	0.7632	2.17E-65	0	0	0	0	0	0	0	0	0	0	0	0
914	0	4.33E-234	3.16E-21	0.578	8.83E-70	0	0	0	0	0	0	0	0	0	0	0	0
915	0	6.01E-226	7.03E-19	0.3445	2.58E-74	0	0	0	0	0	0	0	0	0	0	0	0
916	0	5.98E-218	1.12E-16	0.1541	5.39E-79	0	0	0	0	0	0	0	0	0	0	0	0
917	0	4.27E-210	1.28E-14	0.05044	8.07E-84	0	0	0	0	0	0	0	0	0	0	0	0
918	0	2.18E-202	1.05E-12	0.01194	8.67E-89	0	0	0	0	0	0	0	0	0	0	0	0
919	0	7.99E-195	6.14E-11	0.002034	6.67E-94	0	0	0	0	0	0	0	0	0	0	0	0
920	0	2.10E-187	2.58E-09	0.0002488	3.68E-99	0	0	0	0	0	0	0	0	0	0	0	0
921	0	3.94E-180	7.78E-08	2.18E-05	1.45E-104	0	0	0	0	0	0	0	0	0	0	0	0
922	0	5.31E-173	1.68E-06	1.37E-06	4.11E-110	0	0	0	0	0	0	0	0	0	0	0	0
923	0	5.13E-166	2.60E-05	6.18E-08	8.34E-116	0	0	0	0	0	0	0	0	0	0	0	0
924	0	3.55E-159	0.0002878	1.99E-09	1.21E-121	0	0	0	0	0	0	0	0	0	0	0	0
925	0	1.76E-152	0.002289	4.61E-11	1.26E-127	0	0	0	0	0	0	0	0	0	0	0	0
926	0	6.25E-146	0.01308	7.64E-13	9.41E-134	0	0	0	0	0	0	0	0	0	0	0	0
927	0	1.59E-139	0.05388	9.08E-15	5.03E-140	0	0	0	0	0	0	0	0	0	0	0	0
928	0	2.90E-133	0.1612	7.72E-17	1.93E-146	0	0	0	0	0	0	0	0	0	0	0	0
929	0	3.79E-127	0.3559	4.71E-19	5.29E-153	0	0	0	0	0	0	0	0	0	0	0	0
930	0	3.55E-121	0.599	2.06E-21	1.04E-159	0	0	0	0	0	0	0	0	0	0	0	0
931	0	2.38E-115	0.8109	6.44E-24	1.47E-166	0	0	0	0	0	0	0	0	0	0	0	0
932	0	1.14E-109	0.9448	1.44E-26	1.48E-173	0	0	0	0	0	0	0	0	0	0	0	0
933	0	3.94E-104	1	2.32E-29	1.07E-180	0	0	0	0	0	0	0	0	0	0	0	0
934	9.881e-324	9.71E-99	0.9942	2.67E-32	5.55E-188	0	0	0	0	0	0	0	0	0	0	0	0
935	4.211e-314	1.72E-93	0.9616	2.21E-35	2.06E-195	0	0	0	0	0	0	0	0	0	0	0	0
936	1.19E-304	2.18E-88	0.9401	1.30E-38	5.49E-203	0	0	0	0	0	0	0	0	0	0	0	0
937	2.39E-295	1.98E-83	0.9438	5.53E-42	1.05E-210	0	0	0	0	0	0	0	0	0	0	0	0
938	3.45E-286	1.29E-78	0.9591	1.68E-45	1.43E-218	0	0	0	0	0	0	0	0	0	0	0	0
939	3.58E-277	5.99E-74	0.9647	3.65E-49	1.40E-226	0	0	0	0	0	0	0	0	0	0	0	0
940	2.65E-268	2.00E-69	0.953	5.69E-53	9.83E-235	0	0	0	0	0	0	0	0	0	0	0	0
941	1.41E-259	4.79E-65	0.926	6.35E-57	4.94E-243	0	0	0	0	0	0	0	0	0	0	0	0
942	5.37E-251	8.21E-61	0.8933	5.08E-61	1.78E-251	0	0	0	0	0	0	0	0	0	0	0	0
943	1.47E-242	1.01E-56	0.8737	2.91E-65	4.60E-260	0	0	0	0	0	0	0	0	0	0	0	0
944	2.87E-234	8.88E-53	0.8771	1.20E-69	8.50E-269	0	0	0	0	0	0	0	0	0	0	0	0
945	4.02E-226	5.60E-49	0.8887	3.52E-74	1.13E-277	0	0	0	0	0	0	0	0	0	0	0	0
946	4.03E-218	2.53E-45	0.8753	7.43E-79	1.07E-286	0	0	0	0	0	0	0	0	0	0	0	0
947	2.90E-210	8.20E-42	0.8093	1.12E-83	7.27E-296	0	0	0	0	0	0	0	0	0	0	0	0
948	1.50E-202	1.90E-38	0.68	1.22E-88	3.55E-305	0	0	0	0	0	0	0	0	0	0	0	0
949	5.52E-195	3.16E-35	0.492	9.43E-94	1.239e-314	0	0	0	0	0	0	0	0	0	0	0	0
950	1.46E-187	3.77E-32	0.2866	5.24E-99	4.941e-324	0	0	0	0	0	0	0	0	0	0	0	0
951	2.77E-180	3.22E-29	0.1273	2.09E-104	0	0	0	0	0	0	0	0	0	0	0	0	0
952	3.77E-173	1.97E-26	0.04178	5.96E-110	0	0	0	0	0	0	0	0	0	0	0	0	0
953	3.67E-166	8.63E-24	0.009956	1.22E-115	0	0	0	0	0	0	0	0	0	0	0	0	0
954	2.56E-159	2.71E-21	0.00171	1.79E-121	0	0	0	0	0	0	0	0	0	0	0	0	0
955	1.28E-152	6.10E-19	0.0002111	1.88E-127	0	0	0	0	0	0	0	0	0	0	0	0	0
956	4.58E-146	9.83E-17	1.87E-05	1.41E-133	0	0	0	0	0	0	0	0	0	0	0	0	0
957	1.18E-139	1.14E-14	1.19E-06	7.61E-140	0	0	0	0	0	0	0	0	0	0	0	0	0
958	2.16E-133	9.40E-13	5.40E-08	2.94E-146	0	0	0	0	0	0	0	0	0	0	0	0	0
959	2.85E-127	5.58E-11	1.76E-09	8.14E-153	0	0	0	0	0	0	0	0	0	0	0	0	0
960	2.69E-121	2.37E-09	4.11E-11	1.62E-159	0	0	0	0	0	0	0	0	0	0	0	0	0
961	1.82E-115	7.22E-08	6.88E-13	2.30E-166	0	0	0	0	0	0	0	0	0	0	0	0	0
962	8.82E-110	1.58E-06	8.25E-15	2.34E-173	0	0	0	0	0	0	0	0	0	0	0	0	0
963	3.06E-104	2.46E-05	7.09E-17	1.71E-180	0	0	0	0	0	0	0	0	0	0	0	0	0
964	7.62E-99	0.0002763	4.36E-19	8.91E-188	0	0	0	0	0	0	0	0	0	0	0	0	0
965	1.36E-93	0.002222	1.93E-21	3.34E-195	0	0	0	0	0	0	0	0	0	0	0	0	0
966	1.74E-88	0.01284	6.09E-24	8.96E-203	0	0	0	0	0	0	0	0	0	0	0	0	0
967	1.59E-83	0.05343	1.38E-26	1.72E-210	0	0	0	0	0	0	0	0	0	0	0	0	0
968	1.04E-78	0.1613	2.24E-29	2.38E-218	0	0	0	0	0	0	0	0	0	0	0	0	0
969	4.90E-74	0.3589	2.60E-32	2.35E-226	0	0	0	0	0	0	0	0	0	0	0	0	0
970	1.65E-69	0.606	2.17E-35	1.66E-234	0	0	0	0	0	0	0	0	0	0	0	0	0
971	3.98E-65	0.8189	1.30E-38	8.42E-243	0	0	0	0	0	0	0	0	0	0	0	0	0
972	6.89E-61	0.9486	5.54E-42	3.06E-251	0	0	0	0	0	0	0	0	0	0	0	0	0
973	8.54E-57	1	1.70E-45	7.96E-260	0	0	0	0	0	0	0	0	0	0	0	0	0
974	7.58E-53	0.9949	3.73E-49	1.48E-268	0	0	0	0	0	0	0	0	0	0	0	0	0
975	4.82E-49	0.9617	5.87E-53	1.98E-277	0	0	0	0	0	0	0	0	0	0	0	0	0
976	2.20E-45	0.9282	6.62E-57	1.90E-286	0	0	0	0	0	0	0	0	0	0	0	0	0
977	7.18E-42	0.9098	5.35E-61	1.30E-295	0	0	0	0	0	0	0	0	0	0	0	0	0
978	1.68E-38	0.9105	3.10E-65	6.41E-305	0	0	0	0	0	0	0	0	0	0	0	0	0
979	2.82E-35	0.9236	1.29E-69	2.256e-314	0	0	0	0	0	0	0	0	0	0	0	0	0
980	3.38E-32	0.9337	3.82E-74	4.941e-324	0	0	0	0	0	0	0	0	0	0	0	0	0
981	2.91E-29	0.9205	8.14E-79	0	0	0	0	0	0	0	0	0	0	0	0	0	0
982	1.80E-26	0.8802	1.24E-83	0	0	0	0	0	0	0	0	0	0	0	0	0	0
983	7.94E-24	0.8367	1.36E-88	0	0	0	0	0	0	0	0	0	0	0	0	0	0
984	2.52E-21	0.8126	1.06E-93	0	0	0	0	0	0	0	0	0	0	0	0	0	0
985	5.71E-19	0.8089	5.98E-99	0	0	0	0	0	0	0	0	0	0	0	0	0	0
986	9.28E-17	0.8059	2.40E-104	0	0	0	0	0	0	0	0	0	0	0	0	0	0
987	1.08E-14	0.7752	6.93E-110	0	0	0	0	0	0	0	0	0	0	0	0	0	0
988	9.03E-13	0.6844	1.43E-115	0	0	0	0	0	0	0	0	0	0	0	0	0	0
989	5.40E-11	0.5164	2.12E-121	0	0	0	0	0	0	0	0	0	0	0	0	0	0
990	2.32E-09	0.3099	2.25E-127	0	0	0	0	0	0	0	0	0	0	0	0	0	0
991	7.11E-08	0.1405	1.71E-133	0	0	0	0	0	0	0	0	0	0	0	0	0	0
992	1.57E-06	0.04683	9.30E-140	0	0	0	0	0	0	0	0	0	0	0	0	0	0
993	2.47E-05	0.01131	3.63E-146	0	0	0	0	0	0	0	0	0	0	0	0	0	0
994	0.0002792	0.001966	1.01E-152	0	0	0	0	0	0	0	0	0	0	0	0	0	0
995	0.002264	0.0002455	2.03E-159	0	0	0	0	0	0	0	0	0	0	0	0	0	0
996	0.01318	2.20E-05	2.92E-166	0	0	0	0	0	0	0	0	0	0	0	0	0	0
997	0.05528	1.41E-06	3.00E-173	0	0	0	0	0	0	0	0	0	0	0	0	0	0
998	0.168	6.49E-08	2.21E-180	0	0	0	0	0	0	0	0	0	0	0	0	0	0
999	0.3748	2.14E-09	1.17E-187	0	0	0	0	0	0	0	0	0	0	0	0	0	0
1000	0.6319	5.06E-11	4.41E-195	0	0	0	0	0	0	0	0	0	0	0	0	0	0
1001	0.8459	8.56E-13	1.20E-202	0	0	0	0	0	0	0	0	0	0	0	0	0	0
1002	0.9642	1.04E-14	2.32E-210	0	0	0	0	0	0	0	0	0	0	0	0	0	0
1003	1	9.02E-17	3.23E-218	0	0	0	0	0	0	0	0	0	0	0	0	0	0
1004	0.9854	5.62E-19	3.22E-226	0	0	0	0	0	0	0	0	0	0	0	0	0	0
1005	0.9497	2.51E-21	2.30E-234	0	0	0	0	0	0	0	0	0	0	0	0	0	0
1006	0.9154	8.02E-24	1.18E-242	0	0	0	0	0	0	0	0	0	0	0	0	0	0
1007	0.8927	1.84E-26	4.33E-251	0	0	0	0	0	0	0	0	0	0	0	0	0	0
1008	0.8829	3.01E-29	1.14E-259	0	0	0	0	0	0	0	0	0	0	0	0	0	0
1009	0.8805	3.55E-32	2.14E-268	0	0	0	0	0	0	0	0	0	0	0	0	0	0
1010	0.8767	2.99E-35	2.89E-277	0	0	0	0	0	0	0	0	0	0	0	0	0	0
1011	0.8613	1.80E-38	2.80E-286	0	0	0	0	0	0	0	0	0	0	0	0	0	0
1012	0.8328	7.81E-42	1.94E-295	0	0	0	0	0	0	0	0	0	0	0	0	0	0
1013	0.8055	2.42E-45	9.62E-305	0	0	0	0	0	0	0	0	0	0	0	0	0	0
1014	0.792	5.38E-49	3.423e-314	0	0	0	0	0	0	0	0	0	0	0	0	0	0
1015	0.7916	8.56E-53	9.881e-324	0	0	0	0	0	0	0	0	0	0	0	0	0	0
1016	0.7928	9.76E-57	0	0	0	0	0	0	0	0	0	0	0	0	0	0	0
1017	0.7871	7.98E-61	0	0	0	0	0	0	0	0	0	0	0	0	0	0	0
1018	0.7747	4.67E-65	0	0	0	0	0	0	0	0	0	0	0	0	0	0	0
1019	0.7575	1.96E-69	0	0	0	0	0	0	0	0	0	0	0	0	0	0	0
1020	0.7384	5.89E-74	0	0	0	0	0	0	0	0	0	0	0	0	0	0	0
1021	0.7201	1.27E-78	0	0	0	0	0	0	0	0	0	0	0	0	0	0	0
1022	0.704	1.96E-83	0	0	0	0	0	0	0	0	0	0	0	0	0	0	0
1023	0.6932	2.17E-88	0	0	0	0	0	0	0	0	0	0	0	0	0	0	0
1024	0.6872	1.72E-93	0	0	0	0	0	0	0	0	0	0	0	0	0	0	0
1025	0.6822	9.75E-99	0	0	0	0	0	0	0	0	0	0	0	0	0	0	0
1026	0.671	3.97E-104	0	0	0	0	0	0	0	0	0	0	0	0	0	0	0
1027	0.6503	1.16E-109	0	0	0	0	0	0	0	0	0	0	0	0	0	0	0
1028	0.6259	2.42E-115	0	0	0	0	0	0	0	0	0	0	0	0	0	0	0
1029	0.6034	3.62E-121	0	0	0	0	0	0	0	0	0	0	0	0	0	0	0
1030	0.5854	3.88E-127	0	0	0	0	0	0	0	0	0	0	0	0	0	0	0
1031	0.571	2.98E-133	0	0	0	0	0	0	0	0	0	0	0	0	0	0	0
1032	0.5578	1.64E-139	0	0	0	0	0	0	0	0	0	0	0	0	0	0	0
1033	0.5438	6.48E-146	0	0	0	0	0	0	0	0	0	0	0	0	0	0	0
1034	0.5269	1.83E-152	0	0	0	0	0	0	0	0	0	0	0	0	0	0	0
1035	0.5086	3.71E-159	0	0	0	0	0	0	0	0	0	0	0	0	0	0	0
1036	0.4899	5.38E-166	0	0	0	0	0	0	0	0	0	0	0	0	0	0	0
1037	0.4626	5.60E-173	0	0	0	0	0	0	0	0	0	0	0	0	0	0	0
1038	0.4071	4.17E-180	0	0	0	0	0	0	0	0	0	0	0	0	0	0	0
1039	0.3091	2.23E-187	0	0	0	0	0	0	0	0	0	0	0	0	0	0	0
1040	0.1875	8.52E-195	0	0	0	0	0	0	0	0	0	0	0	0	0	0	0
1041	0.08609	2.34E-202	0	0	0	0	0	0	0	0	0	0	0	0	0	0	0
1042	0.02907	4.59E-210	0	0	0	0	0	0	0	0	0	0	0	0	0	0	0
1043	0.007118	6.46E-218	0	0	0	0	0	0	0	0	0	0	0	0	0	0	0
1044	0.001255	6.52E-226	0	0	0	0	0	0	0	0	0	0	0	0	0	0	0
1045	0.0001589	4.71E-234	0	0	0	0	0	0	0	0	0	0	0	0	0	0	0
1046	1.44E-05	2.44E-242	0	0	0	0	0	0	0	0	0	0	0	0	0	0	0
1047	9.40E-07	9.04E-251	0	0	0	0	0	0	0	0	0	0	0	0	0	0	0
1048	4.39E-08	2.40E-259	0	0	0	0	0	0	0	0	0	0	0	0	0	0	0
1049	1.47E-09	4.58E-268	0	0	0	0	0	0	0	0	0	0	0	0	0	0	0
1050	3.51E-11	6.25E-277	0	0	0	0	0	0	0	0	0	0	0	0	0	0	0
1051	6.03E-13	6.11E-286	0	0	0	0	0	0	0	0	0	0	0	0	0	0	0
1052	7.42E-15	4.28E-295	0	0	0	0	0	0	0	0	0	0	0	0	0	0	0
1053	6.54E-17	2.15E-304	0	0	0	0	0	0	0	0	0	0	0	0	0	0	0
1054	4.13E-19	7.74e-314	0	0	0	0	0	0	0	0	0	0	0	0	0	0	0
1055	1.87E-21	1.976e-323	0	0	0	0	0	0	0	0	0	0	0	0	0	0	0
1056	6.06E-24	0	0	0	0	0	0	0	0	0	0	0	0	0	0	0	0
1057	1.41E-26	0	0	0	0	0	0	0	0	0	0	0	0	0	0	0	0
1058	2.34E-29	0	0	0	0	0	0	0	0	0	0	0	0	0	0	0	0
1059	2.79E-32	0	0	0	0	0	0	0	0	0	0	0	0	0	0	0	0
1060	2.39E-35	0	0	0	0	0	0	0	0	0	0	0	0	0	0	0	0
1061	1.46E-38	0	0	0	0	0	0	0	0	0	0	0	0	0	0	0	0
1062	6.42E-42	0	0	0	0	0	0	0	0	0	0	0	0	0	0	0	0
1063	2.02E-45	0	0	0	0	0	0	0	0	0	0	0	0	0	0	0	0
1064	4.55E-49	0	0	0	0	0	0	0	0	0	0	0	0	0	0	0	0
1065	7.34E-53	0	0	0	0	0	0	0	0	0	0	0	0	0	0	0	0
1066	8.49E-57	0	0	0	0	0	0	0	0	0	0	0	0	0	0	0	0
1067	7.04E-61	0	0	0	0	0	0	0	0	0	0	0	0	0	0	0	0
1068	4.18E-65	0	0	0	0	0	0	0	0	0	0	0	0	0	0	0	0
1069	1.78E-69	0	0	0	0	0	0	0	0	0	0	0	0	0	0	0	0
1070	5.42E-74	0	0	0	0	0	0	0	0	0	0	0	0	0	0	0	0
1071	1.19E-78	0	0	0	0	0	0	0	0	0	0	0	0	0	0	0	0
1072	1.85E-83	0	0	0	0	0	0	0	0	0	0	0	0	0	0	0	0
1073	2.08E-88	0	0	0	0	0	0	0	0	0	0	0	0	0	0	0	0
1074	1.67E-93	0	0	0	0	0	0	0	0	0	0	0	0	0	0	0	0
1075	9.63E-99	0	0	0	0	0	0	0	0	0	0	0	0	0	0	0	0
1076	3.97E-104	0	0	0	0	0	0	0	0	0	0	0	0	0	0	0	0
1077	1.18E-109	0	0	0	0	0	0	0	0	0	0	0	0	0	0	0	0
1078	2.49E-115	0	0	0	0	0	0	0	0	0	0	0	0	0	0	0	0
1079	3.78E-121	0	0	0	0	0	0	0	0	0	0	0	0	0	0	0	0
1080	4.11E-127	0	0	0	0	0	0	0	0	0	0	0	0	0	0	0	0
1081	3.20E-133	0	0	0	0	0	0	0	0	0	0	0	0	0	0	0	0
1082	1.79E-139	0	0	0	0	0	0	0	0	0	0	0	0	0	0	0	0
1083	7.16E-146	0	0	0	0	0	0	0	0	0	0	0	0	0	0	0	0
1084	2.05E-152	0	0	0	0	0	0	0	0	0	0	0	0	0	0	0	0
1085	4.22E-159	0	0	0	0	0	0	0	0	0	0	0	0	0	0	0	0
1086	6.21E-166	0	0	0	0	0	0	0	0	0	0	0	0	0	0	0	0
1087	6.55E-173	0	0	0	0	0	0	0	0	0	0	0	0	0	0	0	0
1088	4.95E-180	0	0	0	0	0	0	0	0	0	0	0	0	0	0	0	0
1089	2.68E-187	0	0	0	0	0	0	0	0	0	0	0	0	0	0	0	0
1090	1.04E-194	0	0	0	0	0	0	0	0	0	0	0	0	0	0	0	0
1091	2.89E-202	0	0	0	0	0	0	0	0	0	0	0	0	0	0	0	0
1092	5.76E-210	0	0	0	0	0	0	0	0	0	0	0	0	0	0	0	0
1093	8.22E-218	0	0	0	0	0	0	0	0	0	0	0	0	0	0	0	0
1094	8.41E-226	0	0	0	0	0	0	0	0	0	0	0	0	0	0	0	0
1095	6.16E-234	0	0	0	0	0	0	0	0	0	0	0	0	0	0	0	0
1096	3.24E-242	0	0	0	0	0	0	0	0	0	0	0	0	0	0	0	0
1097	1.22E-250	0	0	0	0	0	0	0	0	0	0	0	0	0	0	0	0
1098	3.28E-259	0	0	0	0	0	0	0	0	0	0	0	0	0	0	0	0
1099	6.34E-268	0	0	0	0	0	0	0	0	0	0	0	0	0	0	0	0
1100	8.78E-277	0	0	0	0	0	0	0	0	0	0	0	0	0	0	0	0
