350 102.1845
351 106.9534
352 102.4224
353 103.8182
354 115.1331
355 116.2231
356 106.9614
357 94.4805
358 85.1915
359 94.5382
360 104.2361
361 102.3375
362 102.0786
363 108.2211
364 110.3075
365 114.9705
366 126.7642
367 129.1574
368 122.7202
369 124.6351
370 127.6675
371 123.9090
372 117.7260
373 106.9786
374 98.9967
375 102.6560
376 111.1300
377 122.4881
378 132.1481
379 126.8038
380 117.1379
381 119.1183
382 98.6414
383 77.7508
384 83.7168
385 103.6765
386 103.7877
387 106.1321
388 103.8735
389 112.0173
390 123.0662
391 130.5740
392 116.7609
393 86.6983
394 85.5825
395 114.6602
396 112.3865
397 92.3792
398 127.7901
399 164.2112
400 173.9175
401 179.9505
402 187.8788
403 184.0997
404 179.5510
405 174.7511
406 168.2228
407 167.6837
408 169.5256
409 171.3676
410 164.8552
411 161.3047
412 167.2800
413 173.2553
414 176.8827
415 176.2602
416 176.9299
417 177.6546
418 171.7386
419 174.7424
420 171.6707
421 182.1257
422 176.8526
423 169.3823
424 173.8517
425 173.0997
426 172.9279
427 167.3737
428 165.2104
429 156.5638
430 136.0554
431 138.1726
432 160.9494
433 168.1405
434 163.9019
435 166.0801
436 179.3276
437 182.7229
438 172.2201
439 169.4693
440 182.4854
441 184.8831
442 195.3449
443 195.4065
444 195.8163
445 194.5827
446 187.5384
447 196.6405
448 201.9081
449 202.6963
450 209.1292
451 213.7500
452 208.1935
453 200.2610
454 201.7056
455 206.7894
456 209.4513
457 212.5690
458 209.5787
459 204.8213
460 205.4867
461 209.0505
462 211.2887
463 211.6536
464 206.5700
465 202.0209
466 205.3134
467 198.1586
468 202.7761
469 203.9427
470 198.5710
471 199.1433
472 208.1841
473 205.8258
474 208.2506
475 210.0244
476 206.9143
477 208.9464
478 210.9039
479 210.4434
480 209.4617
481 209.3894
482 208.8985
483 206.2378
484 203.2963
485 193.7352
486 177.2775
487 177.2815
488 191.6056
489 195.2197
490 202.6040
491 200.4537
492 192.1941
493 196.0569
494 197.3622
495 203.3885
496 198.1973
497 200.7280
498 194.6241
499 193.6585
500 193.3927
501 186.3672
502 186.5584
503 193.8414
504 190.4500
505 195.7789
506 201.3982
507 200.0117
508 196.7818
509 193.5519
510 189.8667
511 191.6910
512 191.9495
513 188.0511
514 184.1112
515 184.9838
516 179.1271
517 167.2606
518 165.1387
519 173.8885
520 181.2979
521 184.2943
522 184.0998
523 183.0593
524 187.4623
525 189.6266
526 180.9238
527 171.6971
528 180.9562
529 188.7691
530 189.2088
531 191.4176
532 190.0784
533 187.2187
534 185.3448
535 188.0529
536 191.7213
537 184.5625
538 188.0058
539 186.4940
540 180.5457
541 179.4004
542 185.8096
543 184.6886
544 187.8125
545 187.8477
546 188.2076
547 187.4079
548 183.8219
549 188.4422
550 187.9380
551 186.1380
552 188.8677
553 185.0694
554 187.5787
555 188.2640
556 185.2217
557 180.2616
558 180.7681
559 174.4613
560 176.7558
561 182.1726
562 178.6589
563 178.9062
564 179.6042
565 179.3630
566 175.8014
567 180.6884
568 179.6733
569 178.5404
570 178.3836
571 173.8156
572 181.3953
573 183.9358
574 183.7092
575 180.1426
576 179.0832
577 181.2115
578 177.9172
579 177.7455
580 179.8240
581 179.9754
582 181.9842
583 182.5414
584 182.2165
585 179.1713
586 175.8945
587 179.2789
588 178.2782
589 164.0227
590 169.3471
591 175.2490
592 177.1706
593 175.8417
594 177.2511
595 175.6892
596 176.2452
597 177.4955
598 175.0187
599 174.7732
600 174.2798
601 172.1113
602 170.0276
603 173.7048
604 175.2173
605 174.7406
606 172.9503
607 173.2874
608 170.9417
609 169.8995
610 168.6835
611 169.7637
612 168.8430
613 167.8480
614 164.4730
615 166.9343
616 161.9277
617 160.7919
618 165.8678
619 165.9136
620 167.4744
621 168.2361
622 165.6631
623 165.3515
624 163.7322
625 162.3338
626 162.9705
627 166.8438
628 167.2995
629 166.4392
630 164.3186
631 163.2936
632 161.8981
633 163.6717
634 162.4833
635 163.0400
636 162.5614
637 163.1192
638 164.4896
639 162.6571
640 160.0146
641 159.0325
642 159.4005
643 159.9389
644 159.6705
645 158.9418
646 158.2462
647 158.8836
648 159.4361
649 155.5791
650 157.0380
651 160.0784
652 158.7161
653 157.0009
654 155.4204
655 151.1677
656 131.8080
657 139.5008
658 151.1843
659 152.4950
660 153.9885
661 154.5638
662 155.7542
663 153.0982
664 152.0995
665 153.5771
666 152.7591
667 151.7730
668 151.8752
669 152.8610
670 151.6040
671 151.1480
672 150.2753
673 149.7434
674 149.0964
675 148.7164
676 148.6275
677 148.5014
678 148.1649
679 147.8452
680 147.6744
681 147.4890
682 147.1602
683 146.4849
684 145.3727
685 144.7716
686 145.4436
687 146.1147
688 146.2475
689 146.8140
690 147.4878
691 146.9918
692 145.8892
693 145.8611
694 146.0565
695 144.4207
696 145.2476
697 144.7404
698 142.9924
699 145.5932
700 144.2873
701 142.4417
702 142.2442
703 142.8973
704 143.8637
705 144.0974
706 142.5779
707 141.8800
708 141.1850
709 139.6457
710 140.1802
711 138.7109
712 137.4872
713 137.3325
714 137.8609
715 136.3918
716 136.9119
717 137.2737
718 136.3284
719 134.3983
720 135.3523
721 135.1599
722 135.1120
723 135.1287
724 135.2980
725 134.4411
726 133.9774
727 134.0847
728 132.4447
729 130.4500
730 132.3005
731 132.6305
732 132.7419
733 131.9100
734 133.0470
735 131.5271
736 130.3258
737 130.4401
738 129.3160
739 126.4679
740 127.3076
741 126.0212
742 126.3101
743 128.3019
744 128.4078
745 128.5855
746 128.7076
747 128.8159
748 128.8251
749 126.9342
750 126.6828
751 125.5653
752 126.6074
753 126.0953
754 127.2514
755 126.9273
756 126.7154
757 127.1472
758 126.3797
759 126.0082
760 126.2422
761 124.8067
762 123.9620
763 125.3265
764 125.8154
765 124.9576
766 119.7112
767 122.7730
768 124.0768
769 122.7916
770 122.5647
771 122.4586
772 122.0045
773 121.4810
774 120.3110
775 119.1409
776 117.9709
777 116.8009
778 116.1820
779 116.9842
780 116.0260
781 116.3672
782 117.0778
783 115.4421
784 114.7294
785 115.6207
786 115.6954
787 115.4666
788 115.1784
789 115.3569
790 115.5575
791 114.3628
792 113.3231
793 111.3802
794 110.2913
795 112.2890
796 113.6479
797 113.3780
798 113.2324
799 112.4912
800 111.6505
801 112.2406
802 112.1600
803 111.8480
804 111.8622
805 110.2157
806 111.5630
807 110.9403
808 110.5791
809 109.8268
810 109.7128
811 110.7341
812 111.0469
813 111.3856
814 110.7991
815 110.3699
816 110.0527
817 109.5768
818 108.0574
819 106.5751
820 106.0023
821 106.2137
822 106.1742
823 107.2961
824 106.9937
825 106.6414
826 106.8718
827 107.1828
828 106.3589
829 105.9973
830 105.4449
831 105.0699
832 105.0299
833 102.5549
834 101.9341
835 103.5813
836 104.3926
837 104.1579
838 102.2849
839 102.3736
840 103.8488
841 103.6119
842 101.6771
843 100.1645
844 100.2452
845 102.3268
846 102.6124
847 100.3624
848 100.3085
849 97.9005
850 91.6749
851 97.4857
852 96.6970
853 93.0781
854 81.7941
855 88.8095
856 96.9572
857 96.5676
858 97.5663
859 97.1492
860 97.7243
861 97.6180
862 99.2367
863 100.0901
864 99.4924
865 95.9955
866 83.9762
867 91.5352
868 97.4054
869 95.4836
870 97.0437
871 95.7829
872 96.3124
873 96.5406
874 94.0428
875 93.4788
876 94.7310
877 96.8270
878 96.1510
879 95.3738
880 95.4445
881 91.0147
882 94.8448
883 93.1560
884 93.8040
885 94.6414
886 91.4806
887 90.2360
888 93.0988
889 93.1611
890 93.2940
891 92.9495
892 91.9277
893 90.1202
894 91.9511
895 89.6410
896 92.5238
897 90.8465
898 90.9707
899 90.9900
900 88.9179
901 86.9414
902 85.0600
903 89.1928
904 90.5340
905 90.4517
906 88.2500
907 88.6610
908 87.9074
909 86.5397
910 87.1690
911 87.2290
912 86.3830
913 89.0714
914 88.3873
915 86.8530
916 87.7710
917 86.3723
918 86.2205
919 87.0749
920 86.2249
921 84.1896
922 83.9450
923 80.7617
924 83.7240
925 84.4681
926 81.9480
927 84.9585
928 85.6077
929 84.5113
930 84.5634
931 84.8668
932 84.2737
933 84.6221
934 84.4660
935 83.4172
936 82.8378
937 83.6013
938 83.3890
939 82.9647
940 82.5864
941 79.8520
942 78.7181
943 82.0483
944 80.4205
945 81.1690
946 81.5189
947 81.4967
948 81.8151
949 81.8152
950 81.4050
951 80.4676
952 80.8227
953 80.4620
954 79.2672
955 75.0368
956 79.3550
957 78.9527
958 79.4948
959 79.9532
960 79.0793
961 78.7240
962 78.8890
963 78.0695
964 77.8099
965 78.1989
966 76.7330
967 78.1507
968 77.3603
969 77.5592
970 77.8155
971 77.0647
972 77.5301
973 76.9975
974 75.8186
975 76.3918
976 76.6076
977 75.4218
978 76.4039
979 74.9250
980 75.6145
981 75.9742
982 75.8885
983 75.3418
984 74.9162
985 75.1396
986 74.6520
987 74.3264
988 74.4698
989 73.4340
990 73.7310
991 73.9816
992 73.8183
993 73.8375
994 73.8498
995 73.5558
996 73.4562
997 73.4906
998 73.3130
999 72.9670
1000 72.6410
1001 72.9310
1002 72.8340
1003 72.0152
1004 71.2324
1005 67.0612
1006 69.7404
1007 71.4110
1008 71.6425
1009 71.3528
1010 71.4960
1011 71.1064
1012 70.9928
1013 70.6988
1014 70.8516
1015 69.8150
1016 69.9655
1017 69.5225
1018 70.0201
1019 68.4620
1020 68.9267
1021 69.4313
1022 68.4150
1023 69.6189
1024 69.3525
1025 69.2119
1026 69.2040
1027 68.8845
1028 68.9964
1029 68.0477
1030 68.4444
1031 68.1834
1032 68.1305
1033 66.7903
1034 67.1795
1035 66.6678
1036 67.5822
1037 66.5718
1038 66.3312
1039 67.1002
1040 66.3121
1041 66.7362
1042 66.6692
1043 65.9336
1044 66.4418
1045 66.0967
1046 64.5808
1047 65.3912
1048 65.9920
1049 65.8114
1050 65.4736
1051 65.4849
1052 65.2404
1053 64.9859
1054 64.8140
1055 65.1528
1056 65.0654
1057 64.9815
1058 64.2836
1059 62.7207
1060 64.1340
1061 62.8860
1062 64.1721
1063 63.3737
1064 64.1100
1065 64.0637
1066 62.6218
1067 62.9060
1068 62.9931
1069 59.7325
1070 61.6440
1071 62.7332
1072 62.9764
1073 61.2767
1074 62.7620
1075 60.9664
1076 62.1825
1077 62.4401
1078 62.3222
1079 60.6585
1080 62.2505
1081 60.6356
1082 60.0510
1083 59.3010
1084 61.2828
1085 61.2139
1086 61.4748
1087 58.3734
1088 60.3173
1089 59.6105
1090 60.6153
1091 60.8621
1092 59.9155
1093 59.3049
1094 55.1437
1095 58.0533
1096 58.3900
1097 58.0990
1098 57.6530
1099 58.1713
1100 59.2037
