350 	0.003063 
351 	0.005761 
352 	0.002655 
353 	0.002068 
354 	0.001407 
355 	0.003524 
356 	0.001581 
357 	0.003599 
358 	0.002175 
359 	0.004773 
360 	0.004435 
361 	0.002231 
362 	0.001677 
363 	0.001278 
364 	0.002475 
365 	0.002234 
366 	0.004644 
367 	0.002806 
368 	0.004245 
369 	0.001336 
370 	0.001117 
371 	0.002769 
372 	0.004547 
373 	0.008585 
374 	0.004488 
375 	0.002251 
376 	0.004976 
377 	0.004280 
378 	0.003109 
379 	0.007537 
380 	0.004125 
381 	0.002440 
382 	0.003066 
383 	0.003461 
384 	0.004728 
385 	0.003602 
386 	0.003209 
387 	0.005899 
388 	0.003132 
389 	0.004290 
390 	0.009061 
391 	0.003021 
392 	0.004586 
393 	0.006130 
394 	0.002360 
395 	0.000791 
396 	0.003947 
397 	0.003580 
398 	0.004466 
399 	0.004665 
400 	0.002793 
401 	0.002696 
402 	0.003748 
403 	0.002996 
404 	0.005082 
405 	0.002107 
406 	0.001168 
407 	0.004460 
408 	0.004951 
409 	0.005403 
410 	0.003400 
411 	0.003601 
412 	0.003333 
413 	0.004003 
414 	0.003470 
415 	0.005315 
416 	0.003475 
417 	0.003088 
418 	0.002636 
419 	0.003165 
420 	0.003844 
421 	0.006135 
422 	0.002825 
423 	0.004917 
424 	0.003792 
425 	0.003970 
426 	0.004126 
427 	0.005350 
428 	0.003787 
429 	0.003603 
430 	0.004140 
431 	0.004921 
432 	0.005107 
433 	0.005248 
434 	0.005230 
435 	0.004136 
436 	0.004323 
437 	0.003797 
438 	0.005150 
439 	0.003639 
440 	0.003111 
441 	0.002361 
442 	0.002662 
443 	0.001995 
444 	0.004594 
445 	0.001595 
446 	0.004245 
447 	0.003032 
448 	0.002566 
449 	0.003070 
450 	0.004463 
451 	0.004114 
452 	0.002755 
453 	0.004940 
454 	0.004606 
455 	0.004016 
456 	0.003323 
457 	0.005759 
458 	0.003165 
459 	0.004151 
460 	0.005299 
461 	0.004927 
462 	0.006167 
463 	0.004735 
464 	0.005764 
465 	0.006132 
466 	0.006242 
467 	0.010024 
468 	0.010094 
469 	0.009268 
470 	0.007659 
471 	0.006663 
472 	0.006024 
473 	0.006396 
474 	0.005667 
475 	0.006477 
476 	0.006460 
477 	0.006867 
478 	0.005413 
479 	0.005796 
480 	0.006279 
481 	0.003430 
482 	0.004316 
483 	0.004889 
484 	0.004585 
485 	0.005276 
486 	0.004134 
487 	0.007336 
488 	0.012597 
489 	0.009497 
490 	0.006012 
491 	0.004785 
492 	0.005218 
493 	0.005857 
494 	0.004594 
495 	0.004097 
496 	0.003249 
497 	0.003145 
498 	0.003668 
499 	0.004383 
500 	0.003634 
501 	0.003716 
502 	0.003941 
503 	0.003038 
504 	0.004374 
505 	0.003507 
506 	0.003937 
507 	0.003126 
508 	0.003175 
509 	0.003980 
510 	0.003244 
511 	0.003832 
512 	0.003809 
513 	0.003696 
514 	0.003727 
515 	0.003326 
516 	0.003906 
517 	0.003484 
518 	0.003655 
519 	0.003737 
520 	0.003210 
521 	0.004053 
522 	0.004065 
523 	0.003867 
524 	0.003740 
525 	0.003635 
526 	0.003123 
527 	0.003669 
528 	0.003274 
529 	0.004131 
530 	0.003677 
531 	0.003829 
532 	0.004774 
533 	0.004717 
534 	0.004016 
535 	0.004558 
536 	0.003959 
537 	0.004688 
538 	0.005625 
539 	0.006542 
540 	0.007373 
541 	0.008676 
542 	0.010737 
543 	0.012756 
544 	0.015755 
545 	0.021323 
546 	0.029441 
547 	0.042063 
548 	0.061421 
549 	0.093549 
550 	0.144370 
551 	0.231122 
552 	0.362914 
553 	0.582354 
554 	0.885981 
555 	1.253665 
556 	1.611636 
557 	1.885046 
558 	2.012776 
559 	2.035655 
560 	2.048961 
561 	2.030826 
562 	2.016481 
563 	2.022402 
564 	2.031392 
565 	2.055546 
566 	2.075969 
567 	2.100727 
568 	2.124173 
569 	2.121075 
570 	2.120153 
571 	2.101788 
572 	2.021216 
573 	1.858290 
574 	1.569191 
575 	1.195493 
576 	0.815061 
577 	0.512492 
578 	0.313678 
579 	0.194583 
580 	0.122937 
581 	0.079778 
582 	0.053636 
583 	0.037226 
584 	0.026791 
585 	0.019908 
586 	0.015354 
587 	0.012295 
588 	0.009839 
589 	0.008452 
590 	0.007032 
591 	0.006206 
592 	0.005686 
593 	0.005169 
594 	0.005124 
595 	0.004714 
596 	0.004485 
597 	0.004229 
598 	0.004179 
599 	0.003945 
600 	0.003967 
601 	0.003897 
602 	0.003756 
603 	0.003822 
604 	0.003737 
605 	0.003585 
606 	0.003584 
607 	0.003564 
608 	0.003496 
609 	0.003496 
610 	0.003487 
611 	0.003488 
612 	0.003480 
613 	0.003661 
614 	0.003661 
615 	0.003536 
616 	0.003651 
617 	0.003584 
618 	0.003607 
619 	0.003720 
620 	0.003517 
621 	0.003445 
622 	0.003661 
623 	0.003348 
624 	0.003493 
625 	0.003410 
626 	0.003677 
627 	0.003609 
628 	0.003712 
629 	0.003535 
630 	0.003389 
631 	0.003804 
632 	0.003646 
633 	0.003883 
634 	0.003831 
635 	0.003838 
636 	0.003614 
637 	0.003850 
638 	0.003892 
639 	0.003692 
640 	0.003652 
641 	0.003784 
642 	0.003546 
643 	0.003744 
644 	0.003549 
645 	0.003799 
646 	0.003809 
647 	0.003964 
648 	0.003603 
649 	0.003978 
650 	0.003941 
651 	0.003721 
652 	0.003726 
653 	0.003860 
654 	0.003852 
655 	0.003959 
656 	0.003894 
657 	0.003754 
658 	0.003977 
659 	0.004181 
660 	0.004179 
661 	0.004183 
662 	0.004330 
663 	0.004399 
664 	0.004668 
665 	0.004915 
666 	0.005047 
667 	0.005442 
668 	0.005851 
669 	0.006187 
670 	0.006498 
671 	0.007508 
672 	0.007435 
673 	0.007453 
674 	0.007294 
675 	0.007218 
676 	0.007305 
677 	0.007067 
678 	0.006500 
679 	0.006284 
680 	0.005709 
681 	0.005413 
682 	0.005497 
683 	0.005004 
684 	0.005062 
685 	0.004588 
686 	0.005058 
687 	0.004955 
688 	0.004663 
689 	0.004713 
690 	0.004524 
691 	0.004483 
692 	0.004248 
693 	0.004356 
694 	0.004755 
695 	0.004385 
696 	0.004803 
697 	0.004737 
698 	0.004929 
699 	0.004596 
700 	0.005288 
701 	0.004770 
702 	0.004834 
703 	0.004979 
704 	0.004890 
705 	0.005055 
706 	0.004757 
707 	0.004703 
708 	0.005117 
709 	0.004269 
710 	0.003972 
711 	0.003961 
712 	0.004360 
713 	0.004428 
714 	0.004236 
715 	0.003549 
716 	0.004101 
717 	0.003544 
718 	0.003562 
719 	0.003324 
720 	0.003598 
721 	0.003817 
722 	0.003414 
723 	0.003079 
724 	0.003313 
725 	0.003865 
726 	0.003615 
727 	0.003952 
728 	0.003310 
729 	0.003580 
730 	0.003576 
731 	0.003820 
732 	0.004015 
733 	0.003366 
734 	0.003849 
735 	0.003817 
736 	0.003450 
737 	0.003356 
738 	0.004012 
739 	0.003110 
740 	0.003538 
741 	0.004198 
742 	0.003865 
743 	0.003777 
744 	0.004079 
745 	0.003621 
746 	0.003913 
747 	0.004290 
748 	0.003701 
749 	0.002933 
750 	0.003760 
